0 0.981085526315789 0.9699248120300745 0.037828947368420435 0.060150375939848254
0 0.9110667293233087 0.9445488721804507 0.1022086466165418 0.11090225563909722
0 0.7940554511278193 0.8975563909774436 0.14873120300751802 0.20488721804511237
0 0.6439144736842104 0.8637218045112782 0.1867951127819547 0.2725563909774436
0 0.9870770676691728 0.7927631578947366 0.025845864661654123 0.23778195488721787
0 0.9413768796992477 0.7471804511278193 0.09515977443608961 0.2368421052631574
0 0.8500939849624056 0.6550751879699247 0.10855263157894685 0.21428571428571414
0 0.7524671052631572 0.600093984962407 0.1078477443609016 0.1795112781954891
0 0.6488486842105261 0.5479323308270677 0.15014097744360888 0.20112781954887243
0 0.5695488721804512 0.4736842105263158 0.13110902255639145 0.15413533834586474
0 0.5113956766917294 0.4097744360902256 0.1120770676691729 0.11090225563909753
0 0.5015272556390974 0.7852443609022552 0.21781015037593923 0.3092105263157905
0 0.4067199248120303 0.6583646616541351 0.2001879699248124 0.2283834586466167
0 0.35138627819548823 0.5728383458646615 0.19666353383458557 0.19830827067669193
0 0.30415883458646614 0.5206766917293233 0.15578007518796988 0.16541353383458648
0 0.24953007518796988 0.4793233082706766 0.14802631578947364 0.15789473684210534
0 0.22344924812030076 0.4309210526315789 0.1212406015037594 0.1231203007518797
0 0.18714755639097747 0.38298872180451127 0.09093045112781954 0.09492481203007515
0 0.14978853383458646 0.35244360902255634 0.08811090225563908 0.08646616541353377
0 0.03418703007518796 0.9445488721804511 0.06837406015037592 0.11090225563909777
0 0.009515977443609023 0.7269736842105263 0.019031954887218046 0.09116541353383484
0 0.009868421052631577 0.8486842105263157 0.019736842105263153 0.11278195488721825
0 0.3809915413533833 0.35949248120300753 0.12053571428571459 0.09868421052631592
0 0.4472509398496238 0.3834586466165414 0.11207706766917341 0.11466165413533848
0 0.3379934210526315 0.3388157894736842 0.10079887218045108 0.09304511278195488
0 0.31790413533834594 0.3209586466165411 0.088815789473684 0.06484962406014996
0 0.40354793233082703 0.2683270676691729 0.08247180451127811 0.06109022556390983
0 0.26010338345864636 0.29229323308270677 0.07189849624060188 0.058270676691729396
0 0.24671052631578938 0.2828947368421055 0.08458646616541372 0.056390977443609394
0 0.14324999999999993 0.32616666666666566 0.0750000000000001 0.057666666666665034
0 0.1468749999999998 0.2993333333333325 0.056750000000000266 0.03866666666666511
0 0.13399999999999954 0.3019999999999984 0.06200000000000088 0.059333333333330185
0 0.2283749999999993 0.2701666666666656 0.06025000000000113 0.041666666666664826
0 0.20574999999999957 0.24983333333333227 0.07550000000000077 0.06699999999999812
0 0.008749999999999999 0.3038333333333333 0.017499999999999998 0.029666666666666616
0 0.050124999999999996 0.276 0.03375 0.025999999999999978
0 0.02662499999999996 0.2909999999999994 0.027250000000000038 0.017999999999999038
0 0.015874999999999993 0.27649999999999975 0.01725000000000001 0.016999999999999744
0 0.011624999999999991 0.27216666666666617 0.01525000000000001 0.01566666666666574
0 0.058124999999999705 0.24716666666666562 0.018749999999999784 0.013666666666667073
0 0.06637499999999996 0.2378333333333331 0.020250000000000042 0.010333333333332884
0 0.07524999999999986 0.2319999999999996 0.02050000000000022 0.009999999999999365
0 0.06837499999999999 0.22499999999999998 0.015249999999999986 0.013999999999999986
0 0.09462499999999988 0.2503333333333332 0.029749999999999846 0.021333333333333558
0 0.1104999999999999 0.22516666666666638 0.02999999999999979 0.023666666666667203
0 0.12187499999999982 0.2136666666666664 0.022250000000000315 0.012666666666666054
0 0.13024999999999964 0.2063333333333326 0.023000000000000305 0.012000000000000894
0 0.14099999999999993 0.19699999999999995 0.027000000000000125 0.01333333333333344
0 0.14387499999999998 0.17733333333333332 0.01974999999999998 0.008666666666666671
0 0.15362499999999998 0.1718333333333333 0.012250000000000014 0.007666666666666658
0 0.15037499999999995 0.18849999999999997 0.021750000000000005 0.011666666666666643
0 0.17387499999999995 0.18166666666666664 0.010749999999999992 0.01599999999999998
0 0.18974999999999997 0.17299999999999996 0.0175 0.016000000000000014
0 0.20762499999999975 0.17166666666666652 0.019750000000000306 0.021333333333333156
0 0.3109999999999999 0.18233333333333332 0.04699999999999996 0.04
0 0.37987499999999996 0.19299999999999998 0.059250000000000046 0.04400000000000002
0 0.36375 0.15916666666666665 0.04749999999999993 0.03633333333333333
0 0.3436249999999999 0.12916666666666665 0.03375 0.019666666666666652
0 0.35174999999999995 0.10916666666666662 0.013000000000000112 0.01166666666666668
0 0.30349999999999994 0.125 0.017999999999999936 0.014666666666666668
0 0.310625 0.11816666666666664 0.012749999999999985 0.008333333333333321
0 0.31187499999999996 0.1148333333333333 0.012750000000000056 0.008333333333333338
0 0.31825 0.11183333333333334 0.011500000000000057 0.010999999999999996
0 0.32575 0.106 0.013499999999999979 0.008666666666666671
0 0.415874999999998 0.16449999999999967 0.046250000000003774 0.03299999999999934
0 0.4283749999999975 0.20199999999999957 0.061750000000004614 0.04333333333333255
0 0.45924999999999755 0.20683333333333265 0.0620000000000046 0.050999999999998685
0 0.4926249999999995 0.16949999999999996 0.0642499999999994 0.04299999999999983
0 0.4927499999999999 0.2115 0.06849999999999987 0.05566666666666666
0 0.5239999999999999 0.22466666666666663 0.06399999999999999 0.05333333333333332
0 0.5647499999999976 0.23966666666666647 0.06749999999999992 0.052000000000000206
0 0.5463749999999967 0.18399999999999936 0.04975000000000609 0.03199999999999878
0 0.5723749999999983 0.19616666666666627 0.05375000000000286 0.03766666666666599
0 0.6129999999999988 0.205833333333333 0.049500000000001654 0.0483333333333328
0 0.6069999999999999 0.2558333333333333 0.06550000000000004 0.056333333333333326
0 0.6539999999999947 0.27116666666666583 0.06099999999999028 0.06766666666666835
0 0.7061249999999951 0.29216666666666546 0.05924999999999029 0.06500000000000224
0 0.692499999999998 0.23316666666666613 0.05150000000000302 0.05499999999999895
0 0.4334999999999997 0.12866666666666668 0.034499999999999954 0.025333333333333315
0 0.48474999999999985 0.1325 0.040999999999999946 0.02299999999999999
0 0.45937499999999987 0.11583333333333332 0.0232500000000001 0.025
0 0.48249999999999943 0.11449999999999992 0.038499999999999326 0.029000000000000085
0 0.5188749999999999 0.11866666666666664 0.030249999999999985 0.018666666666666654
0 0.5258749999999989 0.1363333333333331 0.03874999999999819 0.02599999999999967
0 0.5432499999999998 0.10333333333333329 0.023499999999999868 0.01866666666666667
0 0.5524999999999987 0.12549999999999975 0.032500000000002444 0.022999999999999566
0 0.5672499999999998 0.14566666666666664 0.038499999999999875 0.025333333333333333
0 0.5772499999999987 0.12999999999999992 0.033999999999998295 0.021333333333333458
0 0.6214999999999974 0.15549999999999975 0.038499999999995385 0.033000000000000515
0 0.6221249999999998 0.13666666666666663 0.03375000000000007 0.025999999999999978
0 0.6263749999999999 0.11566666666666664 0.024250000000000042 0.022666666666666658
0 0.64725 0.11966666666666667 0.027999999999999973 0.02333333333333332
0 0.6683749999999997 0.1245 0.02575000000000003 0.02299999999999999
0 0.6892499999999998 0.12916666666666665 0.02799999999999983 0.023000000000000007
0 0.6721249999999998 0.14866666666666664 0.032250000000000084 0.025333333333333333
0 0.6455 0.16383333333333333 0.02500000000000007 0.03099999999999998
0 0.6799999999999998 0.1718333333333333 0.04 0.038999999999999965
0 0.6973749999999996 0.16083333333333333 0.02625 0.027666666666666676
0 0.7233749999999979 0.1676666666666663 0.026750000000003726 0.027999999999999237
0 0.9778749999999994 0.4533333333333327 0.044249999999998575 0.09399999999999899
0 0.926125 0.4095 0.046749999999999826 0.08233333333333334
0 0.8727499999999973 0.3744999999999989 0.04549999999999463 0.08833333333333548
0 0.96125 0.3771666666666666 0.04700000000000003 0.06833333333333329
0 0.9907499999999969 0.39983333333333193 0.018499999999994333 0.05833333333333064
0 0.9179999999999987 0.3506666666666659 0.04349999999999737 0.06266666666666547
0 0.872875 0.3233333333333333 0.04175000000000011 0.05599999999999998
0 0.8222499999999968 0.3453333333333319 0.04849999999999397 0.09066666666666409
0 0.8277500000000001 0.2933333333333333 0.03749999999999986 0.04800000000000001
0 0.7808749999999967 0.27299999999999913 0.040249999999999876 0.045333333333331935
0 0.764749999999999 0.31266666666666615 0.05449999999999844 0.08333333333333409
0 0.9927499999999989 0.3283333333333328 0.014499999999998146 0.04466666666666566
0 0.9698749999999983 0.31249999999999917 0.03224999999999704 0.046333333333331964
0 0.986374999999998 0.2954999999999991 0.024749999999996376 0.03099999999999833
0 0.9597499999999967 0.2778333333333321 0.02799999999999401 0.035666666666668775
0 0.9394999999999983 0.28833333333333244 0.027000000000000426 0.04866666666666815
0 0.9306249999999977 0.2521666666666658 0.029749999999995537 0.045666666666665086
0 0.9828749999999977 0.26299999999999946 0.023249999999995764 0.033333333333332354
0 0.9062300048913954 0.2692621757088064 0.03032083674170437 0.05120852427487872
0 0.9588984213056889 0.24814988938495264 0.02380747181200458 0.03174329574933971
0 0.9349786500983448 0.234075031835717 0.022235280277250434 0.028748645206949152
0 0.9131925674024534 0.21865258154240577 0.02313367543996719 0.032641690912057195
0 0.900502735729073 0.24201085577305217 0.02470586697472192 0.030245970478144753
0 0.8731016832661997 0.24964721465614814 0.02874864520694956 0.047315478569771016
0 0.8682728092665948 0.22434241757294784 0.025828860928118758 0.02785025004423229
0 0.8416578525710985 0.2300322536034899 0.03638500409004495 0.054203174817269384
0 0.8387380682922679 0.21176488529490747 0.024705866974722282 0.032641690912057195
0 0.8056097466670722 0.22014990681360103 0.031219231904421746 0.041026712430750754
0 0.8127969079688089 0.2005349457609427 0.0235828730213247 0.031144365640861597
0 0.7840482627618601 0.18915527369985866 0.025379663346760138 0.03593580650868681
0 0.7767488020647833 0.20173280597789905 0.023807471812005047 0.02874864520694949
0 0.7359841215564913 0.19334778445920542 0.029422441578987567 0.03833152694259921
0 0.7545135217875333 0.17702693900317687 0.02650265730015647 0.03204276080357907
0 0.7740536165766316 0.1596579658573116 0.020663088742495006 0.023657739284885508
0 0.797074992621259 0.16699485968616848 0.01954009478909839 0.024556134447602674
0 0.8214439614099623 0.17672747394893779 0.01796790325434344 0.024256669393363593
0 0.8440161398732313 0.18631035568458756 0.020438489951815485 0.027251319935754168
0 0.867935911080576 0.19813922532703043 0.020213891161136387 0.02695185488151509
0 0.8932032750319964 0.21131568771354886 0.022235280277249955 0.029946505423905662
0 0.7303691517895092 0.1422889927114463 0.022235280277249955 0.02425666939336363
0 0.9467700866090076 0.20782874764190543 0.015272717766191874 0.01796790325434344
0 0.9681069717235402 0.21157206081989366 0.013925125022116163 0.01647057798314812
0 0.9910160483728282 0.2250479882606512 0.015721915347550634 0.01946522852553869
0 0.9391337277259116 0.19465228525538691 0.013475927440757686 0.016171112928909076
0 0.9216150220529269 0.19330469251131122 0.018417100835701916 0.020064158634016813
0 0.8832086288467679 0.17458812662137013 0.013026729859398926 0.01736897314586532
0 0.8646792286157263 0.16755069784675228 0.012352933487361212 0.016470577983148153
0 0.8437915410825519 0.1587164787467001 0.012802131068719547 0.01557218282043097
0 0.8211070632239434 0.14928332953816983 0.014598921394154302 0.015272717766191874
0 0.8028022617835812 0.14269509834491056 0.013925125022116163 0.014074857549235648
0 0.7860696518779736 0.13625659967877085 0.014598921394153912 0.015572182820430942
0 0.7687755449956682 0.13071649617534833 0.013700526231436782 0.014673787657713789
0 0.7378932112772653 0.12248120718377427 0.015272717766191723 0.014973252711952857
0 0.6706258734688173 0.10915501227013621 0.03032083674170451 0.014673787657713789
0 0.6947702434668415 0.11005340743285337 0.014823520184833256 0.014673787657713789
0 0.7108290570004107 0.1081068845802995 0.013251328650078307 0.01257753227804038
0 0.7438450792302668 0.10645982678198469 0.013251328650078165 0.011080207006845094
0 0.7541766236015142 0.11140100017692917 0.013251328650078165 0.01078074195260605
0 0.7702354371350836 0.11948655664138368 0.014374322603474638 0.014973252711952849
0 0.7835990651805015 0.11873789400578603 0.010106945580568264 0.012278067223801337
0 0.823802248712095 0.13760419242284663 0.01100534074328536 0.011679137115323233
0 0.8089787285272615 0.13775392494996613 0.010556143161926884 0.01557218282043097
0 0.8516524987563271 0.15422450293311418 0.011454538324644015 0.014374322603474689
0 0.9254349733106295 0.17946112728045094 0.013700526231436782 0.01647057798314812
0 0.911844974658377 0.17219240618745765 0.010106945580566597 0.01257753227804038
0 0.89522466414811 0.17353999893153343 0.0105561431619266 0.016470577983148153
0 0.8806257427539559 0.16470577983148124 0.01280213106871969 0.011978602169562293
0 0.6112169621682091 0.09508004222463677 0.016874439570194896 0.009674678686911697
0 0.6151824554672047 0.09024270288118093 0.017043183965896772 0.00899970110410388
0 0.7351597208112897 0.0923801318934056 0.007593497806587663 0.0069747683556805025
0 0.789664160623019 0.11139200047582505 0.007930986597991563 0.008549716048898688
0 0.8521799093650938 0.14377022513805954 0.009787174950712796 0.009449686159309056
0 0.8650888556362927 0.15085748975754135 0.008605964180799362 0.009674678686911662
0 0.8750447749827077 0.15198245239555433 0.008605964180799362 0.008774708576501294
0 0.9033094612627837 0.16165713108246604 0.007762242202289542 0.010124663742116855
0 0.9142778469834105 0.16570699657931276 0.00843721978509734 0.009224693631706487
0 0.9412769502957221 0.17639414164043615 0.007762242202289683 0.008549716048898688
0 0.9281992596288211 0.16548200405171015 0.006918520223779723 0.007874738466090854
0 0.9335990802912835 0.1697568620761595 0.005906053849568167 0.008774708576501276
0 0.9960345067010041 0.21149297594644126 0.007930986597991563 0.005849805717667529
0 0.8798539902602132 0.14500768403987382 0.008099730993693583 0.009674678686911645
0 0.8715011426729669 0.14253276623624525 0.00826847538939532 0.008324723521296118
0 0.8513361873865839 0.1397203596412128 0.010799641324924494 0.009449686159309056
0 0.8526017703543485 0.1317331249113206 0.008605964180799362 0.008324723521296101
0 0.8387647299067887 0.11935853589317777 0.007593497806587521 0.008324723521296118
0 0.9180745958867021 0.15794475437702307 0.007593497806587649 0.007649745938488111
