0 0.977881611660526 0.4877423274298359 0.04423677667894793 0.06703849514598431
0 0.9781513481036903 0.4366722275240585 0.043697303792618936 0.06272271205535496
0 0.9732960921267326 0.3838038846638521 0.05340781574653477 0.0634420092371267
0 0.9722171463540755 0.35395305162033436 0.05556570729184933 0.061284117691812134
0 0.9711382005814184 0.33992675657578986 0.057723598837163353 0.043301688147524206
0 0.9592697970821884 0.3046092660483689 0.06527621924576522 0.056105180178178
0 0.9549540139915597 0.283749647776995 0.053407815746534214 0.050350802724005994
0 0.9498290215714371 0.26720581259625026 0.04747361399691997 0.04171923654274781
0 0.9287779325406146 0.2230834459575849 0.019630110465837732 0.019797889187767908
0 0.9256320815044226 0.21519784602686376 0.022901795543477307 0.018120101968465575
0 0.9446330217630219 0.21066782053474728 0.023153463626373008 0.018455659412326256
0 0.9124195071524163 0.1799643144215141 0.020636782797419075 0.02080456151934932
0 0.9086444859089863 0.1750987314855372 0.01862343813425606 0.015100084973721433
0 0.8712717755990262 0.1428852168749318 0.016861761553988705 0.015100084973721267
0 0.8571783629568863 0.16385755711621142 0.022901795543477307 0.02214679129479123
0 0.8593175416614938 0.16100531884339742 0.02164345512900049 0.01845565941232599
0 0.8403166014028942 0.20748002481807248 0.05058528466196608 0.0369113188246518
0 0.8360382439936762 0.24724358191553883 0.06518203346989657 0.05201140379837335
0 0.8266006908851005 0.2599947647822368 0.06493036538700142 0.06610481644051341
0 0.8121297761186176 0.26888703704453937 0.07726210144887387 0.07113817809842043
0 0.7981621975179257 0.2816382199112371 0.06996372704490801 0.06107145478260668
0 0.7933805039429136 0.3220728918964245 0.09261385450549056 0.08959383751074629
0 0.7224101045664247 0.47290596291170767 0.14143746258718742 0.13623632220735124
0 0.699146498403571 0.5453528485969273 0.19197143212705467 0.21911518548602923
0 0.521176821402866 0.42445417085900566 0.1418598874643319 0.11938338581413868
0 0.5628136195417432 0.3740969813695007 0.13891214954300304 0.1031708272467923
0 0.6910182233294507 0.2687347291241001 0.08481214393573454 0.057715880344001415
0 0.7158075294946429 0.25564798881354167 0.07147373554228095 0.06509814410893174
0 0.7197083847795213 0.23887011662051796 0.07575209295150188 0.06778260365981552
0 0.7520477334315737 0.21168996366781992 0.06644037388437438 0.053689191017675116
0 0.7705453375243826 0.20145546163007563 0.05763199098303713 0.04530025492116315
0 0.775370065356952 0.1857955394117316 0.042475961474491154 0.03750385896075473
0 0.7775719964701782 0.16922186436594383 0.0215931309167978 0.012311872891156572
0 0.7764355158956096 0.1246150018141366 0.026139053215071584 0.017804862334903915
0 0.7355932452470608 0.13294919269430425 0.03281587659065969 0.023487265207745335
0 0.7308342328410553 0.11647022436306345 0.028980254651492315 0.019320169767661533
0 0.6732999037535333 0.1427986910072296 0.03920857982260681 0.02689670693145033
0 0.6681147111320652 0.14715519987640832 0.031111155728807273 0.02727553378963984
0 0.6480132109693877 0.15141700203103953 0.0429021416899531 0.03390500380795519
0 0.6352278045054942 0.15747823176207057 0.0389244596789662 0.028222600935113334
0 0.6127112831218601 0.16079296677122812 0.05923904994937436 0.03826151267713356
0 0.5860039896195047 0.17206306580236408 0.041623601043565654 0.03807209924803887
0 0.5602200865839866 0.17878724253522665 0.06136995102668946 0.04583804984092249
0 0.5324473425429733 0.187803321471114 0.06122789095486997 0.04333779315491623
0 0.5081550702615754 0.198107412302889 0.06662617368407076 0.0439439155499767
0 0.473918592952703 0.20757808375762438 0.07031973555141514 0.049247491564627335
0 0.44934220052766277 0.22737178709802247 0.07202445641326752 0.05246751985923758
0 0.4257540352476582 0.18503788569535332 0.04148154097174508 0.020456650342229633
0 0.4536688393604924 0.17689310824427998 0.04759012406004894 0.02500257264050279
0 0.47547506038502413 0.17121070537143798 0.04574334312637401 0.032579109804291795
0 0.5030347143183083 0.16316063463491237 0.050289265424647886 0.03390500380795502
0 0.519229562505905 0.15463703032564988 0.04261802154631049 0.02822260093511324
0 0.5551707606766276 0.14734461330550305 0.047448063988227165 0.02841201436420808
0 0.5759115311624993 0.14194633057630351 0.04204978125902805 0.02973790836787116
0 0.5950896408583399 0.13569568741617777 0.03920857982260707 0.01988841005494571
0 0.6068095967835757 0.1345592068416094 0.03736179888893368 0.025949639785976898
0 0.6422535847029256 0.12669854953417864 0.037219738817112415 0.02272961149136633
0 0.7118630198952351 0.09260413229712863 0.02557081292778719 0.021971957774987647
0 0.6555362014181925 0.078776951973214 0.03167939601609199 0.022350784633177082
0 0.6293261181672102 0.1020748037518647 0.028696134507850177 0.018941342909472088
0 0.6368553019737259 0.07044276109304627 0.011933046032967312 0.009091844596546599
0 0.6046076656703496 0.06741214622753075 0.01647896833124065 0.010228325171114952
0 0.5980018723306713 0.07697752439681414 0.019462229839482675 0.013827180323914617
0 0.5777583120961728 0.06201386349833119 0.013921887038461946 0.009281258025641321
0 0.5678851371046106 0.06333975750199423 0.014916307541209334 0.010417738600209656
0 0.5619186140881268 0.06106679635285759 0.013495706822998983 0.008523604309262432
0 0.5944503705351452 0.10501071190283287 0.02883819457967114 0.019509583196756265
0 0.5305233382156767 0.05794147477279469 0.013779826966640912 0.009091844596546607
0 0.559503592867169 0.111356061777506 0.029122314723313423 0.022729611491366493
0 0.5370581015194444 0.11173488863569543 0.03167939601609206 0.024623745782313727
0 0.5136892197048835 0.11684905122125289 0.028980254651492517 0.018183689193093235
0 0.5031057443542158 0.1210161466613366 0.021735190988619184 0.020456650342229835
0 0.4827201240478967 0.12262616080864179 0.030400855369702252 0.025191986069598077
0 0.5148967303153621 0.08928939728797103 0.02628111328689222 0.013069526607535773
0 0.5014720535282738 0.08606936899336076 0.016763088474882865 0.014584834040293532
0 0.4723497388049603 0.06513918507839415 0.027559653933282448 0.01932016976766147
0 0.4358403003469531 0.08341758098603463 0.01960428991130371 0.013827180323914626
0 0.49280638914719144 0.10662072605013799 0.02642317335871369 0.012122459462062175
0 0.47185252855358795 0.11059840806112713 0.028269954292387142 0.016668381760335464
0 0.4535267792886735 0.09866536202815963 0.027417593861461132 0.017047208618524896
0 0.4285952366840801 0.10472659175919077 0.028696134507850246 0.01856251605128266
0 0.46588600553710324 0.12906621739786245 0.03821415931986003 0.025191986069597886
0 0.44954909727768405 0.11684905122125282 0.02571287299960755 0.014395420611198877
0 0.4273166960376918 0.12016378623041052 0.03437853738069187 0.019509583196756296
0 0.44507420501532075 0.1343697934125146 0.03835621939168092 0.024813159211408475
0 0.42312592391896997 0.13967336942716682 0.03849827946350203 0.02557081292778735
0 0.4071441658391034 0.1271720831069151 0.03551501795525901 0.01647896833124098
0 0.40330854389993476 0.14772344016369243 0.038356219391681136 0.028033187506018714
0 0.37461240939208457 0.12101614666133678 0.02471845249686112 0.018941342909472105
0 0.3533744286548389 0.12603560253234689 0.030258795297881634 0.020646063771324597
0 0.3696403068783482 0.1403363164289983 0.03068497551334481 0.024623745782313727
0 0.38121820273176327 0.1522693624619657 0.037645919032576365 0.029169668080587016
0 0.35863065131221744 0.16155062048760707 0.04133948089992281 0.028790841222397622
0 0.3243941740033465 0.1145760900721163 0.023155791706829666 0.015910728043956563
0 0.3170070502686525 0.12698266967782051 0.02088283055769299 0.014206007182104088
0 0.31523129937088895 0.1344645001270623 0.03267381651883935 0.028033187506019165
0 0.29647936989051205 0.14535577230000843 0.028696134507850246 0.0217825443458929
0 0.32652507508066186 0.15397408332381834 0.03253175644701867 0.019698996625850854
0 0.3281587659066039 0.16912715765139605 0.03835621939168074 0.02272961149136632
0 0.3048609141279532 0.1642971152094808 0.028980254651492766 0.018751929480377
0 0.30059911197332195 0.18534094689288236 0.03778797910439737 0.035079366490298115
0 0.2454087740708477 0.2130710732013714 0.036793558601649866 0.04015564696808049
0 0.21522100880887637 0.22879238781623318 0.036935618673471296 0.04394391554997493
0 0.2745310887941618 0.0918464785807498 0.013211586679356277 0.009849498312925484
0 0.3252465344342727 0.07782988482774039 0.015200427684851671 0.007197710305599362
0 0.21678366959890788 0.11457609007211618 0.013069526607535152 0.010228325171114883
0 0.26728602513128813 0.13010799125788342 0.020598710414050904 0.01742603547671436
0 0.2522276575182577 0.13645334113255653 0.02031459027040906 0.016100141473051322
0 0.23027937642190704 0.13654804784710392 0.01676308847488278 0.01628955490214603
0 0.22218195232810772 0.12281557423773663 0.013921887038462017 0.01269069974934629
0 0.22502315376452856 0.1516064154601343 0.015626607900314466 0.020267236913135103
0 0.1641504129892126 0.19782329215924616 0.022587551419545483 0.027843774076923965
0 0.15697637936224987 0.18854203413360512 0.03381029709340798 0.028980254651492718
0 0.1484527750529875 0.1618347406312496 0.013069526607535843 0.014584834040293532
0 0.1250128632025158 0.20369510846118316 0.019036049624019512 0.02708612036054391
0 0.10278046196252294 0.1884473274190576 0.011222745673862222 0.013637766894819802
0 0.09113153607319763 0.1949820907228254 0.011506865817504295 0.01496366089848298
0 0.05149677603512726 0.2038845218902772 0.014348067253925123 0.01382718032391466
0 0.018538839372645794 0.2511431724494101 0.024292272281397922 0.02348726520774545
