0 0.03586536076572775 0.14663874553965683 0.013037102241599046 0.013037102241599036
0 0.05191102506308042 0.14234875890460075 0.012368532895876019 0.01292567401731187
0 0.06544955431397176 0.13566306544737045 0.009192828503691653 0.009582827288696727
0 0.1325989879750284 0.107081725917711 0.008607830326184018 0.012368532895876019
0 0.13351827082539758 0.10802886582415196 0.00877497266261475 0.01314853046588624
0 0.14212610115158156 0.11109314199204917 0.012284961727660627 0.01459709738161946
0 0.16744816512084124 0.09788889741401936 0.009944969017630072 0.009805683737271096
0 0.1786049160775943 0.09348748255467608 0.012034248223014465 0.01058568130728128
0 0.19001238053899341 0.09443462246111704 0.011616392381937608 0.012479961120163186
0 0.24784362894403544 0.079113241621631 0.0072706916347378935 0.009917111961558254
0 0.23923579861785144 0.08095180732236931 0.006434979952584143 0.00802283214867635
0 0.2319651069831135 0.08306894358382559 0.011114965372645358 0.011588535325865835
0 0.22319013432049875 0.08362608470526144 0.010279253690491572 0.010028540185845411
0 0.2109887437610535 0.08552036451814335 0.00910925733547625 0.008691401494399375
0 0.2001244918930542 0.09911460788117825 0.026826344997136466 0.017605659437373085
0 0.17781098997954822 0.10702601180556741 0.014457812101260537 0.013594243363034907
0 0.17492778467611764 0.11571741329996676 0.018218514670952538 0.02117136261456256
0 0.11442225888818358 0.11120457021633635 0.01988993803526011 0.007911403924389155
0 0.11074512748670692 0.1171659802157 0.02991847822110552 0.014262812708757924
0 0.10974227346812239 0.12206882208433555 0.029082766538951733 0.012257104671588852
0 0.10476978895930734 0.12914451432657093 0.03535060415510511 0.019945652147403656
0 0.11254190760333754 0.13466021142878593 0.0365206005101204 0.014039956260183555
0 0.1107451274867069 0.1398416238581394 0.03794131036978186 0.020837077941701025
0 0.11178976708939914 0.1435744693717596 0.03652060051012041 0.023622783548880335
0 0.22670012338554466 0.1117617113377722 0.03769059686513572 0.025739919810336572
0 0.23789865992640535 0.11889311769215116 0.04420914798593522 0.023065642427444466
0 0.2406147228934052 0.12335024666363802 0.04011416074338172 0.02351135532459317
0 0.2445007822154203 0.12630309460724806 0.03468203480938211 0.024737065791752038
0 0.26088073118563443 0.12596880993438656 0.04003058957516632 0.02785705607179283
0 0.2681514228203724 0.12975736956015038 0.0468834253688274 0.029862764108961905
0 0.274126761347772 0.13532878077450897 0.04830413522848879 0.030308477006110623
0 0.2848238708793404 0.14240447301674433 0.05198126662996543 0.030197048781823436
0 0.3073045151292773 0.14903445236183102 0.04863841990135032 0.03275989794042838
0 0.31545270403027664 0.1507615898382822 0.05005912976101172 0.023957068221741835
0 0.12544295598308197 0.16198737057998108 0.03748559678950342 0.018390559849251885
0 0.12399692405945129 0.1689579860067137 0.030811603295823265 0.019873669514514206
0 0.1283906364427907 0.18764516778901805 0.02358144367766979 0.022839888845038625
0 0.1410156074683356 0.2536435478931882 0.05506044632286107 0.039154095162923425
0 0.13283996543857743 0.28731013729464133 0.05094481700175834 0.05962100854354247
0 0.3811125234034779 0.21641749529510565 0.07697339162711075 0.05576492341386064
0 0.4266625289978451 0.2279115952008882 0.09443700793557376 0.07252406263132403
0 0.45180123782404025 0.2517896608116104 0.08442601769505366 0.061549051108383386
0 0.11360303946307557 0.3821957866367399 0.1211897125234891 0.09905370541215248
0 0.12237205118225486 0.431328526456561 0.12808668803295592 0.1269043493741902
0 0.13862920774028387 0.49228465286403955 0.1550834207414405 0.1473982194594632
0 0.7154134167748409 0.4706084441200008 0.1030605197557476 0.12926902669172166
0 0.7759097448150217 0.542074247494286 0.08532543987426137 0.13137096208508303
0 0.8367016575198938 0.616036099148189 0.0973458829050466 0.17209596033145902
0 0.9614754653685496 0.7453051258399094 0.07586673060413517 0.17209596033145885
0 0.987388387639832 0.8301707673468729 0.025223224720335793 0.15107660639784556
0 0.4018864295280082 0.948269101928934 0.15937453327882317 0.10346179614213229
