0 0.22803101503759393 0.46287593984962405 0.09515977443609021 0.10056390977443613
0 0.4036883456188191 0.27321447376615854 0.04130751928867913 0.040409772797135736
0 0.7665648496240601 0.56109022556391 0.11489661654135327 0.1954887218045119
0 0.9251644736842102 0.3651315789473684 0.057095864661653485 0.05545112781954884
0 0.830619360902255 0.25124310776942343 0.03576879699248253 0.026922305764411236
0 0.8107499999999984 0.23333333333333311 0.03549999999999992 0.02333333333333302
0 0.7876249999999998 0.21866666666666648 0.02424999999999927 0.019999999999999803
0 0.7481249999999993 0.19383333333333325 0.021249999999998496 0.014999999999999826
0 0.7104999999999996 0.1729999999999999 0.015999999999999143 0.010666666666666533
0 0.6515000000000001 0.16166666666666665 0.009000000000000057 0.01
0 0.6237500000000001 0.15566666666666665 0.009499999999999958 0.01466666666666665
0 0.6205 0.1623333333333333 0.007999999999999972 0.011333333333333329
0 0.6133749999999999 0.15599999999999997 0.009250000000000043 0.010666666666666665
0 0.9868749999999983 0.3389999999999996 0.01774999999999695 0.019333333333332595
0 0.9938749999999961 0.35233333333333244 0.01224999999999897 0.02200000000000062
0 0.9746249999999962 0.3054999999999992 0.012249999999996344 0.014999999999999352
0 0.9644999999999976 0.2988333333333327 0.013499999999995014 0.01433333333333213
0 0.9527499999999961 0.2878333333333318 0.020499999999993097 0.01899999999999709
0 0.9153749999999973 0.27799999999999947 0.017750000000000016 0.016666666666665848
0 0.8997499999999985 0.2666666666666662 0.019500000000000125 0.01533333333333254
0 0.8776249999999998 0.24783333333333296 0.01724999999999931 0.015666666666666607
0 0.9196249999999986 0.2601666666666663 0.01724999999999991 0.014999999999999574
0 0.913624999999999 0.25116666666666626 0.015249999999998648 0.011666666666666083
0 0.9063749999999989 0.24583333333333315 0.01275000000000005 0.009666666666666528
0 0.9364999999999989 0.25633333333333325 0.013999999999999907 0.013999999999999811
0 0.9501249999999989 0.27783333333333315 0.019250000000000104 0.0163333333333332
0 0.9449999999999997 0.257833333333333 0.0145000000000007 0.015000000000000388
0 0.9611249999999977 0.27449999999999924 0.008750000000000346 0.011666666666666856
0 0.9703749999999992 0.2806666666666664 0.014250000000000899 0.014666666666667032
0 0.9766249999999995 0.28116666666666634 0.01325000000000063 0.015000000000000471
0 0.9276249999999999 0.2891666666666666 0.022749999999999916 0.020333333333333384
0 0.8861249999999974 0.25699999999999806 0.019250000000000305 0.013333333333334276
0 0.5751249999999996 0.1721666666666666 0.011249999999999922 0.012999999999999831
0 0.5784999999999999 0.15749999999999997 0.008999999999999985 0.009000000000000022
0 0.567375 0.15783333333333333 0.009249999999999972 0.009666666666666686
0 0.5445 0.15749999999999997 0.008499999999999943 0.008333333333333321
0 0.555375 0.153 0.007249999999999872 0.010000000000000018
0 0.574375 0.1543333333333333 0.0067499999999999 0.00799999999999999
0 0.5377500000000001 0.15249999999999997 0.008499999999999872 0.009666666666666686
0 0.527875 0.15366666666666667 0.00875000000000007 0.008666666666666689
0 0.5166250000000001 0.15299999999999997 0.010249999999999987 0.011333333333333346
0 0.505 0.15749999999999997 0.008999999999999985 0.008333333333333321
0 0.4841250000000001 0.158 0.009750000000000014 0.009333333333333336
0 0.4632499999999999 0.1573333333333333 0.011500000000000057 0.010666666666666647
0 0.41350000000000003 0.1653333333333333 0.011000000000000086 0.008666666666666671
0 0.3361250000000001 0.18299999999999997 0.014750000000000015 0.009999999999999964
0 0.2866250000000001 0.18983333333333335 0.019750000000000014 0.007666666666666693
0 0.30862500000000004 0.18266666666666664 0.014249999999999971 0.01
0 0.3207499999999993 0.1773333333333331 0.014999999999999895 0.006666666666666371
0 0.3305000000000001 0.17316666666666664 0.014499999999999957 0.007666666666666658
0 0.392 0.1668333333333333 0.01500000000000007 0.00966666666666665
0 0.3909878293775942 0.1611666666666667 0.013475658755186184 0.010333333333333042
0 0.3998519435684125 0.163101523082374 0.013829611286317118 0.008090792997437379
0 0.4194674126377811 0.1558574409800171 0.009878293775941174 0.00865526692749123
0 0.42885179172492516 0.1566100728867555 0.009454938328400785 0.007526319067383653
0 0.445150976455228 0.15566928300333252 0.009878293775941103 0.0071500031140145385
0 0.45326528919975106 0.1550107300849365 0.008608227433320223 0.007714477044068264
0 0.4640608531120296 0.15011862269113707 0.010442767705994883 0.01185395253112933
0 0.47337467295791685 0.15350546627145972 0.008184871985779765 0.008467108950806655
0 0.4917200756846645 0.15105941257456001 0.01157171556610237 0.011853952531129313
0 0.5023039618731729 0.15303507132974825 0.007338161090699127 0.005644739300537796
