0 0.7841870300751879 0.35573308270676696 0.09374999999999972 0.08552631578947381
0 0.9202302631578944 0.3533834586466165 0.05850563909774344 0.05639097744360914
0 0.9445488721804512 0.3552631578947368 0.049342105263157604 0.05451127819548875
0 0.9706296992481199 0.3510338345864661 0.03665413533834658 0.046052631578947366
0 0.9832001879699248 0.35338345864661613 0.033599624060150594 0.0469924812030075
0 0.03649999999999998 0.32266666666666616 0.035499999999999934 0.037999999999999895
0 0.08662499999999998 0.2588333333333332 0.025250000000000005 0.0243333333333333
0 0.06674999999999999 0.2671666666666666 0.023999999999999994 0.02766666666666662
0 0.035624999999999976 0.28116666666666623 0.02825000000000004 0.02833333333333242
0 0.010499999999999954 0.29216666666666535 0.020999999999999908 0.023666666666667602
0 0.12137499999999975 0.2456666666666657 0.023250000000000035 0.026666666666665596
0 0.14237499999999984 0.23616666666666575 0.023249999999999774 0.025666666666666636
0 0.1657499999999999 0.229833333333333 0.02499999999999982 0.025000000000000026
0 0.1614999999999998 0.21416666666666612 0.022999999999999715 0.022999999999999986
0 0.14049999999999996 0.22133333333333327 0.024999999999999963 0.021999999999999992
0 0.1047499999999994 0.23733333333333279 0.025499999999999908 0.02733333333333234
0 0.08724999999999984 0.23999999999999969 0.02850000000000029 0.027333333333332887
0 0.057124999999999954 0.25783333333333314 0.026749999999999944 0.02499999999999977
0 0.029124999999999998 0.25066666666666665 0.025250000000000005 0.020000000000000035
0 0.012999999999999998 0.2578333333333333 0.012999999999999998 0.017666666666666622
0 0.17762499999999937 0.2686666666666655 0.024750000000000966 0.03399999999999792
0 0.0969999999999999 0.22049999999999995 0.022999999999999975 0.018999999999999854
0 0.065375 0.23466666666666658 0.01924999999999999 0.018000000000000006
0 0.2137499999999992 0.25633333333333297 0.028999999999999936 0.03399999999999993
0 0.11212499999999999 0.2076666666666666 0.020250000000000004 0.016000000000000014
0 0.0555 0.21849999999999994 0.015 0.01900000000000002
0 0.06962499999999988 0.21249999999999947 0.019750000000000184 0.016333333333332357
0 0.08887499999999993 0.19083333333333272 0.014750000000000135 0.01699999999999879
0 0.09937499999999977 0.18666666666666606 0.013750000000000418 0.014666666666665627
0 0.11899999999999998 0.17866666666666664 0.016500000000000004 0.015333333333333386
0 0.1173749999999998 0.19166666666666632 0.016250000000000347 0.017999999999999423
0 0.12799999999999978 0.18916666666666632 0.01599999999999961 0.01633333333333396
0 0.15412499999999996 0.17983333333333332 0.016750000000000008 0.016333333333333328
0 0.20824999999999996 0.16366666666666663 0.015500000000000007 0.013999999999999986
0 0.22349999999999995 0.15849999999999997 0.013000000000000006 0.015666666666666648
0 0.24237499999999998 0.14983333333333326 0.012249999999999978 0.014333333333333318
0 0.13274999999999978 0.1631666666666664 0.012000000000000002 0.009666666666666322
0 0.18949999999999995 0.13466666666666666 0.009499999999999993 0.009333333333333336
0 0.16137500000000002 0.16330228197048272 0.012750000000000004 0.0140621027257012
0 0.23149999999999998 0.14233168700172869 0.010000000000000004 0.009330040670124048
0 0.25799999999999995 0.1378333333333333 0.01149999999999995 0.012333333333333325
0 0.12049999999999994 0.22849999999999973 0.017000000000000095 0.01899999999999996
0 0.14237499999999956 0.16983333333333284 0.015250000000000746 0.011666666666665685
0 0.1733406845911448 0.16002205377343443 0.01168136918228956 0.010710774213535546
0 0.17837499999999998 0.14583333333333331 0.01125 0.012999999999999989
0 0.23999999999999996 0.13016666666666665 0.008500000000000014 0.010333333333333332
0 0.231459193953925 0.1518959730527899 0.013780782865972866 0.010514816984441762
0 0.21564713962504853 0.1541263887767624 0.013701125161545313 0.012426601890703904
0 0.2024239606900688 0.15837479967956714 0.013860440570400492 0.010089975894161309
0 0.16621953402772965 0.17584638951735168 0.01394009827482809 0.01656880252093847
0 0.1826290211398129 0.15635680450073489 0.009479266826882975 0.008178190987899115
0 0.2036586551086964 0.1463199337428587 0.010275843871159011 0.012320391618133773
0 0.2117837409603105 0.14515162074458737 0.00868268978260727 0.010196186166731392
0 0.23022449953529742 0.13330917535301914 0.009080978304745246 0.009452714258740608
0 0.23663694474171834 0.13835416330009975 0.008364058964896825 0.009771345076450805
0 0.21899276321100727 0.1360706424398422 0.009080978304745208 0.00732850880733821
0 0.2253255507130006 0.13107875962904664 0.00884200519146237 0.008603032078179602
0 0.20612804394595163 0.13622995784869696 0.007408166511765757 0.008071980715328579
0 0.2096329829407656 0.13835416330009975 0.00931995141802794 0.008709242350749768
0 0.27260239829077476 0.12375025082170843 0.010196186166731423 0.008390611533039393
0 0.2626953297622633 0.12573478976468105 0.009648220817974078 0.01046107458652127
0 0.2612640003002561 0.11817171557037177 0.006149415466400968 0.010036976968148805
0 0.18328305072201556 0.15068586631226225 0.010072318436346492 0.008906049985822175
0 0.18741800250114735 0.14298142624516214 0.008375927962856649 0.007916488876286341
0 0.16478179212051633 0.16920479564786067 0.01251087974198827 0.011450635696057058
0 0.1715143418121792 0.1549268424959871 0.012192806528208892 0.006926927766750598
0 0.28781410157644294 0.11004317788489928 0.004490133534518835 0.008552635303845256
