0 0.03952991452991453 0.8155270655270654 0.07905982905982906 0.2521367521367522
0 0.08440170940170941 0.6930199430199429 0.1452991452991453 0.24643874643874683
0 0.16987179487179482 0.5947293447293445 0.14743589743589747 0.2179487179487184
0 0.24145299145299137 0.48717948717948717 0.18376068376068386 0.22222222222222218
0 0.3210470085470085 0.40954415954415957 0.1527777777777778 0.14957264957264954
0 0.3862179487179487 0.34045584045584026 0.14850427350427356 0.1424501424501425
0 0.42735042735042705 0.2891737891737891 0.11965811965812019 0.10541310541310542
0 0.47008547008546997 0.25356125356125364 0.11752136752136781 0.09971509971509962
0 0.5080128205128203 0.22293447293447285 0.1100427350427354 0.07834757834757848
0 0.5389957264957261 0.2037037037037036 0.11004273504273548 0.07407407407407418
0 0.6233974358974355 0.9601139601139586 0.20405982905982867 0.0797720797720771
0 0.6912393162393162 0.8411680911680911 0.24145299145299148 0.2521367521367518
0 0.7361111111111112 0.6944444444444442 0.16666666666666674 0.21509971509971465
0 0.7516025641025641 0.5762108262108262 0.23183760683760682 0.21225071225071226
0 0.7740384615384613 0.4807692307692305 0.1677350427350425 0.15242165242165207
0 0.768696581196581 0.40669515669515666 0.14850427350427323 0.11253561253561245
0 0.763888888888889 0.3454415954415955 0.1196581196581195 0.10113960113960135
0 0.7783119658119659 0.3141025641025641 0.11858974358974357 0.08689458689458686
0 0.5561688941476585 0.17592250164502207 0.09055106571683175 0.05809792687596249
0 0.5847639675319215 0.16684470057065293 0.06876434313834608 0.05265124623134097
0 0.6048486024089632 0.15640522933512843 0.07761519918585606 0.05628236666108858
0 0.6150611286176285 0.14301547275043397 0.07421102378296766 0.047658455640437934
0 0.6184653040205169 0.12508681562855495 0.0544668064462148 0.019971162363612082
0 0.6337840933335148 0.12803710097772492 0.061275157251991744 0.04402733521069026
0 0.6470603774047796 0.12236347530624421 0.06331766249372471 0.04085010483466109
0 0.6519964317389679 0.10965455380212742 0.06161557479228044 0.03449564408260271
0 0.6899529874811737 0.07084695420919938 0.016340041933864312 0.021332832524767448
0 0.6356563898051035 0.04951412168443193 0.019403799796464016 0.019517272309893637
0 0.6499539264972348 0.056095527463349545 0.014637954232420362 0.013616701611553685
0 0.6184653040205169 0.05949970286623797 0.011574196369820555 0.019517272309893637
0 0.6319117968619262 0.0660811086451556 0.011914613910109395 0.01180114139667987
0 0.6884671769021253 0.09118246800269791 0.01372114118198553 0.015749483791496443
0 0.6164610142644881 0.07201264177163406 0.00882925606492968 0.012090512809633634
0 0.6321508409204106 0.07638749838038307 0.018970969112484325 0.013522284063406059
0 0.6732546073307936 0.08346681180181328 0.018374397756745823 0.017499426434996027
0 0.7742541378573219 0.11329537958873838 0.012527998470508664 0.017976683519586843
0 0.7880945933104551 0.12117012148448661 0.010380341589849991 0.016544912265814452
0 0.8042020199153948 0.12713583504187162 0.014437026808871706 0.02370376853467647
0 0.818004143450986 0.23818571532673477 0.07545998589461238 0.06792103305545683
0 0.9641723596382747 0.2767964270636569 0.03825842422106958 0.03748339168620769
0 0.9915450996196516 0.34852216529027247 0.016909800760694253 0.03325594149603508
0 0.9849925518248813 0.3245666142126202 0.029169406312196132 0.03494692157210558
0 0.9735784363114126 0.29920191307157806 0.03339685650237159 0.022546401014260975
0 0.9961952948288423 0.3669820311206986 0.007609410342310862 0.022264571001582252
0 0.9464616050273016 0.4428306746942868 0.08479491458103955 0.08458860092026026
0 0.9218587009791537 0.35555999618387374 0.08819908998392428 0.08912750145744106
