0 0.8189102564102564 0.2542735042735043 0.12713675213675216 0.1467236467236467
0 0.781517094017094 0.28632478632478636 0.14209401709401703 0.1424501424501425
0 0.7532051282051282 0.37535612535612534 0.17521367521367523 0.16951566951566946
0 0.7275641025641025 0.45940170940170943 0.22222222222222215 0.23219373219373218
0 0.6383547008547009 0.5213675213675214 0.22756410256410256 0.2421652421652422
0 0.561965811965812 0.6317663817663818 0.24358974358974358 0.3034188034188034
0 0.5897435897435898 0.08262108262108264 0.1196581196581196 0.08262108262108264
0 0.5261752136752136 0.11396011396011396 0.09935897435897431 0.09971509971509974
0 0.3733974358974359 0.1801994301994302 0.10576923076923073 0.10398860398860398
0 0.30608974358974356 0.21723646723646722 0.1207264957264957 0.1267806267806268
0 0.17735042735042733 0.33547008547008544 0.11538461538461536 0.13817663817663825
0 0.09989316239316239 0.39529914529914534 0.09722222222222224 0.1267806267806268
0 0.021367521367521368 0.5178062678062677 0.042735042735042736 0.17806267806267806
0 0.23237179487179488 0.9572649572649573 0.14209401709401706 0.08547008547008544
0 0.10149572649572651 0.9736467236467238 0.10897435897435898 0.05270655270655269
