0 0.7447133458646619 0.8261278195488722 0.24177631578947423 0.24624060150375918
0 0.9659304511278194 0.9520676691729324 0.06813909774436064 0.09586466165413528
0 0.8109727443609022 0.36795112781954875 0.059915413533834096 0.1156015037593984
0 0.7475328947368419 0.3275375939849625 0.05991541353383454 0.07988721804511295
0 0.68796992481203 0.2918233082706768 0.07471804511278214 0.08552631578947388
0 0.6298167293233083 0.26127819548872183 0.07824248120300853 0.0733082706766919
0 0.5695488721804511 0.2373120300751879 0.07894736842105264 0.0704887218045112
0 0.5149201127819548 0.21616541353383456 0.07824248120300752 0.06766917293233081
0 0.4779135338345862 0.19924812030075184 0.06907894736842143 0.05451127819548864
0 0.4412593984962407 0.18374060150375943 0.06343984962406041 0.04981203007518803
0 0.4053101503759398 0.1719924812030075 0.05921052631578939 0.03759398496240601
0 0.34821428571428564 0.4163533834586467 0.11842105263157877 0.1259398496240603
0 0.2657424812030075 0.3317669172932331 0.09163533834586461 0.10714285714285716
0 0.26997180451127806 0.4760338345864661 0.13392857142857123 0.1738721804511276
0 0.14520676691729317 0.44125939849624046 0.07894736842105253 0.13063909774436078
0 0.20054041353383453 0.5714285714285714 0.12476503759398494 0.20112781954887218
0 0.04722744360902249 0.7467105263157896 0.09445488721804499 0.21710526315789433
0 0.0070488721804511266 0.8425751879699225 0.014097744360902253 0.10808270676691802
0 0.014450187969924812 0.3914473684210526 0.028900375939849624 0.0836466165413535
0 0.1422654650523301 0.2839020854007403 0.043946513504363315 0.06189507731882394
0 0.1895005978829485 0.2538268974308145 0.045553658596443475 0.0578110041751599
0 0.33406860902255553 0.16079072681704126 0.020731203007520675 0.03665413533834565
0 0.36950000000000005 0.16833333333333333 0.06099999999999994 0.03466666666666663
0 0.30700000000000005 0.154 0.05599999999999998 0.034666666666666665
0 0.28412499999999985 0.14999999999999958 0.034749999999999774 0.03199999999999995
0 0.23612499999999959 0.13649999999999973 0.04325000000000072 0.025666666666667223
0 0.06150000000000004 0.15199999999999997 0.008499999999999987 0.009333333333333336
0 0.16337499999999913 0.12949999999999948 0.024750000000000515 0.01633333333333288
0 0.15937499999999896 0.12266666666666591 0.017749999999999325 0.008666666666666807
0 0.1385 0.12883333333333333 0.007000000000000046 0.01166666666666666
0 0.12999999999999878 0.12533333333333227 0.01750000000000098 0.012666666666665499
0 0.10862499999999979 0.12666666666666634 0.009750000000000434 0.008666666666666352
0 0.30687499999999956 0.09566666666666654 0.02424999999999912 0.015999999999999785
0 0.31275 0.07699999999999997 0.009499999999999993 0.009333333333333327
0 0.31300000000000006 0.06899999999999999 0.0075 0.007333333333333334
0 0.3066457437818963 0.059646078609015774 0.012418426461183072 0.007902635020752882
0 0.30502288123299165 0.07714477044068291 0.009454938328400666 0.010913162647706356
0 0.30382337413162747 0.06877174047821852 0.014111848251344412 0.006585529183960732
0 0.02008928571428571 0.28430451127819556 0.034539473684210516 0.05357142857142867
0 0.033471904530048446 0.17350278751299666 0.008863640223984755 0.011040674664964308
0 0.037203963571726326 0.1633173763784176 0.010729669744824057 0.015550246006991899
0 0.028282009925215155 0.17218101660240215 0.00851375968882779 0.013684216486152492
