0 0.6938158425330058 0.8726843988264428 0.24330227173421298 0.2546312023471147
0 0.7634078448694009 0.7432109061075708 0.20661811546386374 0.24024525871168342
0 0.8146910635461136 0.5328164804394028 0.155907664148976 0.163280460262132
0 0.8535331113617753 0.4263604975372192 0.1343287486958307 0.12875419553709852
0 0.23359175978029928 0.8205353531480083 0.16831554053453412 0.2898767642539192
0 0.3409468641596983 0.7151583160184833 0.17586816094313376 0.26901714598254084
0 0.45720327116351883 0.6281233570241282 0.20122338660058076 0.2459996361658562
0 0.5588939102364671 0.5414480466206615 0.19205234753299308 0.2179470460767659
0 0.6617505002719456 0.39902720462990027 0.14565767930873202 0.17191202644339168
0 0.68953335391787 0.3619833997686675 0.12138139942394342 0.10933317162926999
0 0.8618949410998692 0.3544307793600665 0.08955249913055381 0.08991214772143921
0 0.8705265072811269 0.3231413519530058 0.0798419871766385 0.06042096326880684
0 0.8788883370192206 0.31199224563554695 0.07498673119968043 0.07408760972246589
0 0.7219017270975884 0.33033432377072075 0.12246034519660064 0.09638582235738281
0 0.7521122087319912 0.3098343540902325 0.11274983324268675 0.08991214772143911
0 0.7642503486743848 0.28214141259202935 0.10465773994775797 0.07336831254069429
0 0.7798950623779166 0.2580449570026835 0.09171039067586839 0.08991214772143925
0 0.7931121480929681 0.24689585068522504 0.07930251429030957 0.07624550126778043
0 0.7971581947404328 0.23430815000422356 0.0701314752227228 0.06977182663183672
0 0.8192765830799071 0.23286955564068065 0.04531572245160534 0.05394728863286336
0 0.2883482577426558 0.4876834892410868 0.16022344723960444 0.18414007853350806
0 0.1275853376167223 0.4337362006082235 0.06743411079107937 0.10933317162926925
0 0.24087464374573603 0.33123635220578296 0.08146040583562338 0.11005246881104042
0 0.16507870321656257 0.32224513743363814 0.05394728863286335 0.07192971817715152
0 0.20769706123652468 0.2866399269359483 0.05178939708754893 0.0726490153589231
0 0.09791432886864743 0.24671893334762932 0.029671008748074813 0.04171923654274757
0 0.13513795802532313 0.24815752771117228 0.04046046647464767 0.04891220836046294
0 0.1712826414093417 0.224780369303598 0.04369730379261954 0.04963150554223451
0 0.21713783674727608 0.21578915453145422 0.03182890029338885 0.04747361399691971
0 0.23898648864358552 0.18593832148793632 0.03992099358831888 0.04243853372451925
0 0.30399297144618603 0.22693826084891264 0.06527621924576502 0.06257885481412179
0 0.35335474054525634 0.27369257766406097 0.07768409563132331 0.07552620408600895
0 0.40945992072343435 0.247078581938515 0.08092093294929528 0.07264901535892287
0 0.3916573154745894 0.18809621303325083 0.07121042099537948 0.0525086942693205
0 0.42645331664278624 0.17227167503427743 0.05880254460982122 0.045315722451605325
0 0.27243380759596075 0.17047343207984883 0.04315783090629069 0.04459642526983385
0 0.1432300513202527 0.18593832148793638 0.02319733411213135 0.035245561906804175
0 0.20284180525956697 0.16687694617099122 0.05826307172349255 0.04603501963337691
0 0.12920375627570818 0.16148221730770487 0.017802605248844968 0.02661399572554597
0 0.16615764898921967 0.13954365326367366 0.018342078135173592 0.0258946985437745
0 0.3077692816504865 0.15500854267176126 0.03614468338401877 0.03956134499743319
0 0.23736806998459958 0.13486822158215883 0.024815752771117236 0.03092977881617511
0 0.1931312933056515 0.1524910025355609 0.023736806998460026 0.018701726726059346
0 0.3379797632848904 0.13990330185455943 0.04046046647464809 0.036684156270347205
0 0.3053416536620077 0.1291138441279867 0.040999939360976026 0.028052590089088957
0 0.3360916081827397 0.11688579203787103 0.03560521049768997 0.017982429544287745
0 0.20472091472753903 0.13747347214576022 0.023656799792163317 0.02147567640707028
0 0.22523186348351046 0.12858119988345762 0.023908467875058778 0.026509038064977338
0 0.26361124612505216 0.1248900680009924 0.028186825284279675 0.023824578514093534
0 0.24888866327567385 0.11784336167992251 0.021895123211895847 0.02181123385093074
0 0.22196017840587082 0.11146777024657359 0.018371770051360984 0.016442314749163155
0 0.24008028037433643 0.10676996603252702 0.019881778548733187 0.01778454452460504
0 0.25631287172108674 0.09770991504829421 0.017113429636884326 0.020469004075488895
0 0.28865222037313987 0.10106548948689896 0.027431821035593818 0.027851267840419275
0 0.3092890031705592 0.10609885114480594 0.029948501864547533 0.02181123385093092
0 0.31054734358503505 0.09200543850266579 0.03095517419612846 0.0238245785140936
0 0.3460325432732806 0.08344872368422403 0.02340513170926832 0.020804561519349497
0 0.3699410111483394 0.08730763428861951 0.0314585103619194 0.023824578514093652
0 0.43361303612086416 0.11096443408078263 0.02894182953296597 0.022817906182512126
0 0.36666932607069996 0.07287866420261918 0.020385114714523596 0.011744510535116558
0 0.2773271566428489 0.09301211083424757 0.014848416890825967 0.015771199861442247
0 0.30563981596857637 0.08042870668947982 0.024160135957954056 0.018791216856186503
0 0.32199824135677446 0.0782475833043867 0.020636782797419116 0.02114011896320981
0 0.3360916539989144 0.07304644292454936 0.02365679979216344 0.01812010196846552
0 0.366543492029252 0.06331527705259564 0.021140118963209997 0.013422297754419008
0 0.38025940254704893 0.059456366448200244 0.018875106217151553 0.012415625422837527
0 0.3162098754501807 0.05526189839994407 0.022146791294791204 0.015435642417581674
0 0.36264263674437447 0.11358619474677012 0.03347185502508214 0.029193497615861198
0 0.3927169726503695 0.11979400745818887 0.04479691875537277 0.03087128483516363
0 0.417757946898457 0.11325063730290957 0.03347185502508209 0.02785126784041951
0 0.388690283324044 0.08137268013616464 0.027180152952699287 0.020469004075488895
0 0.46393904010975506 0.09815055232918833 0.041776901760628204 0.02852238272814032
0 0.44569310409984164 0.08674159923793225 0.028438493367174723 0.012415625422837629
0 0.4270696659655855 0.07298374403965262 0.014848416890826756 0.01845565941232599
0 0.4368847211985041 0.07046706321069922 0.022398459377686322 0.020133446631628374
0 0.4387722318202196 0.053353633573815146 0.02768348911848806 0.01677787219302348
0 0.48960918456508085 0.01761676580267484 0.01308674031055851 0.00838893609651183
0 0.4040420363806602 0.09697610127567673 0.03473019543955896 0.018791216856186538
0 0.44141474669062036 0.10502947992832809 0.04152523367773362 0.03422685927376829
0 0.46079318907356226 0.15871867094600367 0.05763199098303681 0.047649157028187436
0 0.4921258653940343 0.15100084973721292 0.05889033139751298 0.041609123038698674
0 0.4592831805761902 0.22096457678212147 0.08078545460940907 0.05805143778786212
0 0.49715922705194293 0.20502559819874888 0.08456047585283684 0.05704476545628083
0 0.5268560608335942 0.18942217705923695 0.0755004248686052 0.052682518686094484
0 0.5537845457033974 0.173818755919725 0.06644037388437161 0.04764915702818751
0 0.5878855709357179 0.16912095170567842 0.052598629325127794 0.043622467701861706
0 0.6027339878265436 0.15905422838986405 0.061658680309363126 0.04160912303869837
0 0.5261010565849076 0.14194079875298002 0.04479691875537278 0.03489797416148949
0 0.5459828351336408 0.13405519882225894 0.06593703771858203 0.03858910604395453
0 0.5776930135784548 0.12885405844242154 0.047816935750116835 0.026844595508837835
0 0.5895214134745367 0.12281402445293306 0.04530025492116365 0.02617348062111704
0 0.6305433109864796 0.1530141944003754 0.06140701222646714 0.044964697477302626
0 0.5308827501599193 0.09060050984232701 0.02768348911848871 0.027515710396558188
0 0.5396911330612564 0.08707715668179276 0.03322018694218694 0.024495693401814445
0 0.5396911330612564 0.040434671985187014 0.019630110465837732 0.012415625422837504
0 0.5829780433192567 0.021811233850930752 0.014093412642139915 0.010066723315814187
