0 0.5070093229841268 0.010757721127649524 0.037547376854092034 0.01682725250317163
0 0.5029280863695518 0.016324946458300835 0.03189643384929553 0.01573892273928491
0 0.4544869471673244 0.02264563085625834 0.019024841449481328 0.022352618996750374
0 0.3955287751506148 0.008748496948166344 0.025931549566454846 0.00946009717839997
0 0.3742435564992148 0.010506568105214126 0.02153637167383529 0.010129838571561032
0 0.35007007808980783 0.01381341623394686 0.02040618307287602 0.01105073298715749
0 0.32410713439554867 0.01896205319387251 0.015194757857341513 0.014483157627107923
0 0.361026628693552 0.022813066204548604 0.03779852987652738 0.011636756706173415
0 0.4196708594322173 0.05010502797586179 0.022603772019185727 0.026538502704007004
0 0.46321451469695435 0.08066197903883517 0.028568656302026412 0.033738222680488386
0 0.46801781625103145 0.10812137615843861 0.033654505006343316 0.04093794265696982
0 0.4723188117602375 0.15575673274701896 0.041000730912578616 0.053663029127029936
0 0.4792418008718903 0.22620366117966448 0.055432755877260646 0.0855545906076902
0 0.4969485946590841 0.3456962369524637 0.0786434350300248 0.1318486746744833
0 0.37477949057414794 0.07528215487205817 0.056995536722888145 0.030152477492108573
0 0.36452948679253183 0.09759008537434986 0.06756728950213357 0.03309418261328988
0 0.35267073802276955 0.12326871966132852 0.07620854829560365 0.03664874296805065
0 0.3405821685404151 0.14741521586435857 0.08622873136462758 0.05405383160170684
0 0.5369409853792685 0.06680122046015924 0.05865024585355265 0.02672048818406368
0 0.5451226027475541 0.07335877145945928 0.04247086768705536 0.0243916382964618
0 0.5608883036313852 0.0804678921689808 0.06425787124080458 0.024146496203030044
0 0.5665878573036741 0.09321528102743322 0.07271527346420094 0.028068769697938478
0 0.5768378610852902 0.10749480796983424 0.0761166200105668 0.0289267670249497
0 0.5860766537315003 0.1204873389217184 0.06811885921235507 0.03309418261328988
0 0.5959589443729689 0.13783114203201666 0.07574890687041914 0.03910016390236842
0 0.6114488604016892 0.15952621730072894 0.08117267568759715 0.04130644274325443
0 0.6256977445824112 0.18391785559719076 0.0819081019678925 0.048170421359344184
0 0.6499943903176684 0.21406420453696345 0.10850295482907249 0.06121198072991476
0 0.6652383981839151 0.26012824245849503 0.11434775519171972 0.06525682527153905
0 0.6990948997780052 0.31883328247277176 0.14671895953379113 0.08665943253997213
0 0.7360337296505388 0.38960186234880806 0.13887223415004626 0.10225418235923818
0 0.7683533551462266 0.482637376143999 0.16497369990767255 0.12138242612489478
0 0.8197346012675203 0.6016312393218926 0.1566680151146899 0.13527951963472176
0 0.8589255009427234 0.7341529439987318 0.1621237100277274 0.16194456780670236
0 0.9649929228783773 0.9799133798971909 0.0700141542432452 0.04017324020561844
0 0.5742423182408578 0.884147569589349 0.14311182580139217 0.23170486082130196
0 0.24527374020936363 0.4064337330881347 0.15920525036234087 0.13883467192498342
0 0.18254835955879628 0.6736117919059912 0.22871001370010105 0.15282305196780455
0 0.15710699335591807 0.8593075369744219 0.2586101760416281 0.18639516407057144
