0 0.19883088183617356 0.94351512532596 0.20099544820141965 0.11296974934807992
0 0.02783013898173503 0.6466603095207861 0.05566027796347006 0.19048184014165292
0 0.9536164350304417 0.8895040407836299 0.09276712993911673 0.13523386053346798
0 0.7541671056613407 0.7946754190680884 0.24304988044048606 0.19295563027336285
0 0.3571534502655996 0.4681351216823972 0.15028275050136916 0.2506774000132577
0 0.21707508405753323 0.3984566996392384 0.13111087698061838 0.1904818401416531
0 0.02230314168333385 0.3851454412445686 0.0446062833666677 0.0706266153305571
0 0.10896014009878724 0.32567039675567844 0.09618229850937723 0.11895008897778052
0 0.988848429158333 0.40672256986412963 0.022303141683333933 0.04398675165324171
0 0.9393633335484359 0.280028334468525 0.04414163458159834 0.048323473647223274
0 0.9053399964147829 0.18083798747118884 0.036242621020032714 0.03210969055283599
0 0.908201255968996 0.19005760159031998 0.023843829618442527 0.02257215870545895
0 0.924415060109537 0.23456608354474612 0.030520101911606475 0.04291889331319663
0 0.9626844066471375 0.28273061937400007 0.027897280653577782 0.03624262102003275
0 0.9861705788213032 0.2746237173037296 0.027658842357393354 0.035288867835294974
0 0.9660225427937194 0.2460111217615985 0.030281663615421905 0.027023006900901585
0 0.9514778067264692 0.2352019190012379 0.0236053913222581 0.020664652335983538
0 0.9494510812089015 0.22947939989281171 0.030996978503975328 0.014942133227557336
0 0.933952591956914 0.2140603900728855 0.030043225319237622 0.01780339278177049
