0 0.7305157450900183 0.23890187824967707 0.10457100275941991 0.11348790997146369
0 0.6920109184925585 0.26159946024396985 0.12483670096861037 0.11132623549581622
0 0.8494258623057189 0.3567131371724343 0.12362075907605927 0.13726632920357973
0 0.8194326289561162 0.38724678914094696 0.1349695500732081 0.14537260848725558
0 0.7474894003134942 0.4920880012098233 0.1596937018884162 0.18644442352454615
0 0.46843073597294876 0.4858731870923382 0.17063717892137906 0.21184409861339812
0 0.38515892163960663 0.9120198488411685 0.18680920609231247 0.17596030231765677
0 0.1593382464946034 0.7717271753716779 0.1408871339502889 0.26988505828452936
0 0.07848269165091741 0.29581423428050013 0.051214454869205187 0.0933856366263702
0 0.14824508422950905 0.28880108370381363 0.06616353899318883 0.12439114443907753
0 0.281505615998018 0.14942596321721252 0.06411597221499017 0.06623598202013269
0 0.49823584307528834 0.03266640997637937 0.06180743511372401 0.036612253557684604
0 0.36777232001389143 0.038057690744398284 0.039340824976057696 0.032460591011631665
0 0.3359291858964979 0.05011593939389259 0.03581249986609365 0.03187253682663835
0 0.30315986643774634 0.058407503402299686 0.04719134834571486 0.037165024491578214
0 0.26814123972139303 0.07840134569207198 0.04084036314778817 0.04281034466751429
0 0.23241694798304827 0.09433761410539238 0.04031111438129151 0.04575061559248137
0 0.19686907250020053 0.11403742930266736 0.04013469812579454 0.043751231363503396
0 0.1572195190770266 0.13944137009437912 0.03863515995406238 0.04633866977747412
0 0.11602632341824332 0.16096415326513686 0.0278737683686842 0.04822044316945195
0 0.0819823965135165 0.18391590810542413 0.03502744752912716 0.0591229677592292
0 0.05152413000178736 0.1861152307573 0.03068760764387677 0.04969057863193531
0 0.020905326276512794 0.21393607424933475 0.032284174756133675 0.04974938405043536
0 0.08312461221092197 0.15323441225592815 0.031146289908171716 0.03622413779558859
0 0.15107085703445894 0.11434443189298381 0.03006968133073849 0.036618084440193197
0 0.2459706891914887 0.06593253529205051 0.03545555848663597 0.03393130083207202
0 0.3106522314026235 0.032752317941938544 0.04128750081714967 0.025183387336303098
0 0.3398782151271255 0.025285664503631046 0.032009410745880165 0.02103033749487767
0 0.2909199740389944 0.017319101466369925 0.029888704443875324 0.02403467142271744
0 0.2661010830983536 0.02522756871759487 0.028762079220937004 0.03172223176748344
0 0.24303840206405314 0.03379875668819654 0.02862953507706045 0.027834270213808892
0 0.21205620843320538 0.04603699930601397 0.033202308040757626 0.03163386900490007
0 0.16400895627841655 0.07197147012427733 0.028563263005122838 0.03914470382449916
0 0.1465364738260941 0.05381765179634756 0.015562084470169496 0.016010990752963073
0 0.19023570270190102 0.031688637938501456 0.01858904232697101 0.022054177107622544
0 0.2721561991629341 0.008876441150435472 0.024460419278801934 0.017752882300870944
0 0.23641514999330934 0.007815387497877288 0.013992064713941588 0.015630774995754576
