0 0.8588943586544648 0.4371840516251521 0.07361116718486471 0.1289823991380815
0 0.7822703450250869 0.3976641919565816 0.0731225974911598 0.15026232357500413
0 0.6970149334735899 0.37736140690706876 0.06611976521472357 0.10922246930379628
0 0.6190066390453817 0.35738433498669253 0.06579405208558703 0.13093667791290084
0 0.5499554556684287 0.3302415742253117 0.07654258534709378 0.11530244771434557
0 0.40704882025975814 0.3077673683148886 0.0933168114976271 0.10031964377406313
0 0.35452757818648706 0.3025559582487034 0.07361116718486467 0.09684537039660668
0 0.2626764757699745 0.2969102640103361 0.07914829038018631 0.08685683443641853
0 0.19248529644104387 0.296475979838154 0.08533683983378118 0.07730258264841247
0 0.04251683182957383 0.29167257011532083 0.04734306679401194 0.04890584763963957
0 0.02670516680322421 0.29418527657299653 0.02803812693625949 0.039467877042516086
0 0.019856509567973937 0.2948594173299339 0.028313911791370244 0.03983559018266383
0 0.012732067477612918 0.2938788489562068 0.025464134955225835 0.03297161156657395
