0 0.0274906015037594 0.9088345864661654 0.0549812030075188 0.18233082706766907
0 0.25164473684210525 0.8632518796992481 0.15507518796992478 0.27349624060150374
0 0.3633693609022556 0.8186090225563906 0.16423872180451127 0.3233082706766911
0 0.48425751879699247 0.7180451127819549 0.1776315789473685 0.29511278195488727
0 0.6030310150375936 0.6560150375939847 0.16987781954887182 0.22932330827067657
0 0.6907894736842104 0.5916353383458646 0.19031954887218036 0.2340225563909775
0 0.7411889097744359 0.5169172932330829 0.14591165413533783 0.2067669172932332
0 0.7926456766917291 0.47180451127819545 0.12053571428571425 0.16541353383458646
0 0.82859492481203 0.44031954887218033 0.13181390977443616 0.14379699248120292
0 0.03242481203007519 0.6682330827067672 0.06484962406015038 0.22180451127819606
0 0.1018562030075188 0.636748120300752 0.09234022556390979 0.24906015037594004
0 0.1875 0.581296992481203 0.08599624060150378 0.19830827067669168
0 0.2928806390977443 0.5427631578947365 0.09093045112781951 0.18703007518796924
0 0.39579417293233077 0.5018796992481205 0.09797932330827067 0.1503759398496244
0 0.483200187969925 0.44172932330827064 0.12899436090225627 0.15601503759398497
0 0.5624999999999999 0.412593984962406 0.12265037593984941 0.13721804511278188
0 0.6224154135338346 0.3778195488721805 0.10714285714285725 0.10714285714285726
0 0.6752819548872181 0.36043233082706777 0.10714285714285701 0.10432330827067689
0 0.7355498120300747 0.3439849624060149 0.06696428571428512 0.08270676691729298
0 0.9688674812030071 0.3815789473684209 0.05709586466165355 0.08082706766917265
0 0.9934210526315789 0.93703007518797 0.013157894736842195 0.10338345864661648
0 0.03724999999999997 0.38716666666666605 0.04800000000000002 0.0863333333333326
0 0.009625 0.4136666666666666 0.01925 0.08333333333333336
0 0.07787499999999997 0.36233333333333334 0.05574999999999999 0.09533333333333335
0 0.12862499999999946 0.33683333333333154 0.061750000000000894 0.08366666666666327
0 0.1881249999999991 0.3149999999999974 0.05175000000000165 0.08666666666666151
0 0.24699999999999916 0.2863333333333317 0.05100000000000162 0.07399999999999693
0 0.3056249999999979 0.26083333333333125 0.05425000000000415 0.06566666666666267
0 0.3609999999999978 0.24466666666666495 0.05700000000000163 0.06199999999999795
0 0.026374999999999985 0.3449999999999989 0.04575000000000001 0.06733333333333122
0 0.06937499999999988 0.3163333333333324 0.04425000000000019 0.06333333333333155
0 0.11074999999999978 0.2903333333333324 0.04150000000000042 0.05466666666666474
0 0.1508749999999995 0.271833333333332 0.042750000000000836 0.05366666666666413
0 0.1929999999999997 0.25383333333333274 0.039500000000000604 0.05766666666666556
0 0.23949999999999924 0.2364999999999982 0.04000000000000066 0.055666666666664096
0 0.2871249999999979 0.2171666666666655 0.045749999999996065 0.05299999999999782
0 0.33537499999999715 0.2044999999999985 0.04375000000000525 0.05166666666666368
0 0.37862499999999827 0.19199999999999928 0.04775000000000298 0.0479999999999987
0 0.41949999999999865 0.1734999999999992 0.05550000000000226 0.048333333333331764
0 0.4119999999999988 0.22599999999999965 0.05950000000000239 0.060000000000000615
0 0.46349999999999875 0.21183333333333287 0.06900000000000232 0.07433333333333425
0 0.5048749999999991 0.2053333333333331 0.05575000000000156 0.05000000000000045
0 0.5479999999999984 0.19716666666666618 0.06250000000000092 0.04900000000000011
0 0.45962499999999784 0.1694999999999994 0.03624999999999614 0.03699999999999877
0 0.49712499999999943 0.15883333333333316 0.057249999999999135 0.042999999999999684
0 0.6219999999999974 0.1554999999999993 0.0539999999999946 0.03366666666666529
0 0.560249999999996 0.1319999999999993 0.05500000000000779 0.028000000000001316
0 0.5288749999999984 0.11249999999999968 0.04024999999999737 0.030333333333332747
0 0.49787499999999985 0.09933333333333332 0.029250000000000113 0.025333333333333315
0 0.46899999999999914 0.09349999999999983 0.019999999999998387 0.021666666666666425
0 0.43137499999999873 0.12299999999999985 0.030749999999999895 0.02933333333333308
0 0.3964999999999987 0.128833333333333 0.02949999999999778 0.032333333333332714
0 0.3701249999999995 0.1366666666666665 0.03174999999999932 0.03266666666666643
0 0.3379999999999999 0.145 0.03049999999999997 0.03200000000000001
0 0.3036249999999993 0.15349999999999983 0.028249999999999956 0.03233333333333302
0 0.2718749999999991 0.16183333333333266 0.024750000000000126 0.03699999999999942
0 0.40662499999999907 0.10699999999999943 0.03374999999999829 0.023333333333333206
0 0.3788749999999999 0.11433333333333334 0.027750000000000056 0.02533333333333335
0 0.35124999999999995 0.12549999999999997 0.02549999999999997 0.02700000000000001
0 0.3237499999999993 0.13049999999999992 0.026999999999999923 0.02766666666666677
0 0.2946249999999981 0.13949999999999924 0.02475000000000118 0.030333333333333375
0 0.2649999999999995 0.14966666666666656 0.026499999999999947 0.03066666666666651
0 0.43712499999999993 0.0755 0.02375000000000007 0.01966666666666667
0 0.3772499999999996 0.09449999999999986 0.02299999999999907 0.016333333333333092
0 0.353 0.09966666666666665 0.022999999999999972 0.02200000000000001
0 0.36 0.08733333333333332 0.014499999999999957 0.02
0 0.3949999999999999 0.066 0.02 0.018000000000000006
0 0.3786249999999999 0.06849999999999999 0.020249999999999914 0.015666666666666683
0 0.35999999999999993 0.072 0.016499999999999914 0.01333333333333334
0 0.34187499999999993 0.07533333333333332 0.017249999999999942 0.014666666666666668
0 0.34175 0.09266666666666666 0.013999999999999986 0.017999999999999988
0 0.3293749999999999 0.10433333333333333 0.02275000000000002 0.02200000000000001
0 0.3071249999999999 0.10899999999999999 0.020249999999999987 0.023333333333333338
0 0.28424999999999906 0.11533333333333287 0.02099999999999916 0.025333333333333107
0 0.26012499999999944 0.12149999999999976 0.02024999999999894 0.02566666666666623
0 0.23637499999999886 0.12683333333333294 0.023249999999999695 0.03366666666666628
0 0.2778749999999999 0.1075 0.015749999999999993 0.02166666666666666
0 0.29899999999999954 0.09699999999999985 0.018499999999999902 0.027333333333333352
0 0.321125 0.09666666666666666 0.019250000000000007 0.02133333333333333
0 0.32325 0.07899999999999999 0.0175 0.01599999999999998
0 0.30487499999999995 0.08383333333333333 0.018249999999999992 0.014333333333333318
0 0.28674999999999956 0.08783333333333314 0.014499999999999257 0.019666666666666614
0 0.2713749999999999 0.09549999999999999 0.015249999999999986 0.016333333333333328
0 0.25299999999999995 0.10099999999999998 0.01599999999999998 0.01666666666666666
0 0.23924999999999896 0.1713333333333329 0.025999999999999926 0.03999999999999932
0 0.23574999999999954 0.15566666666666618 0.02149999999999924 0.02199999999999992
0 0.17199999999999988 0.20383333333333323 0.027999999999999893 0.0369999999999999
0 0.14049999999999951 0.2179999999999995 0.027999999999999126 0.04399999999999922
0 0.15099999999999958 0.1911666666666663 0.028499999999999175 0.03433333333333267
0 0.11501156324845707 0.22728927614309263 0.022296720237124177 0.026906590665896745
0 0.07521615117966579 0.25278468198385523 0.025683563817446874 0.039513175103765064
0 0.049814824327245856 0.26642613529348813 0.0307638291879308 0.049485547868048166
0 0.02547188609367671 0.2784682458013017 0.026389156230014043 0.04910923191467857
0 0.009737175293427656 0.2664261352934879 0.019474350586855312 0.03405659377991121
0 0.043252814890370674 0.24441165202139067 0.026389156230014074 0.028035538526004468
0 0.06745463464142644 0.2331221734203151 0.03048159222290382 0.0314223821063272
0 0.006562009436875159 0.24271823023122926 0.013124018873750318 0.015993428018190158
0 0.013970729768830984 0.22663072322469674 0.02060329844696285 0.0255894848291042
0 0.033938995044483375 0.21618795551870185 0.023284549614718285 0.028035538526004645
0 0.03683192393600896 0.22898269793325393 0.025683563817446842 0.02878817043274259
0 0.09631336431542584 0.21806953528554765 0.027518104090121377 0.03480922568664969
0 0.07747404689988092 0.20141755434896158 0.023425668097231664 0.03198685603638139
0 0.06957141187912803 0.19586689403676572 0.020885535411989755 0.03405659377991121
0 0.06053982899826759 0.1843892574590056 0.01608750700653264 0.024272378992312403
0 0.09906517472443806 0.19059847068959734 0.02257895720215073 0.026906590665897255
0 0.07782684310616453 0.17159451504445333 0.018768758174288084 0.020885535411989817
0 0.09461994252526441 0.16500898586049265 0.017639810314180496 0.02163816731872823
0 0.10703836898644756 0.16952477730092283 0.017922047279207334 0.022390799225466506
0 0.12242028358041294 0.1767688594032799 0.025824682299960208 0.03612633152344235
0 0.1488799990516837 0.15635371893300135 0.018063165761720866 0.025401326852419963
0 0.16553197998827013 0.15842345667653185 0.020885535411989745 0.02878817043274264
0 0.14641042560769843 0.14083068585652245 0.015381914593965415 0.021826325295412695
0 0.10605053960885337 0.14515831932026807 0.010301649223481455 0.016557901948244157
0 0.11169527890939131 0.15400174422444401 0.01876875817428778 0.021450009342043764
0 0.11656386655610497 0.13659713138111912 0.015523033076478843 0.015240796111451953
0 0.1440114114049702 0.12587212671009754 0.01284178190872281 0.012606584437867994
0 0.17914991355081802 0.12389646795490933 0.013124018873751232 0.012418426461183416
0 0.2128066716302743 0.13838463215962282 0.020038824516909727 0.025589484829104513
0 0.21555848203928624 0.12615436367512425 0.015946388524019445 0.018815797668459273
0 0.21696966686442087 0.1107254095869877 0.01397072976883154 0.01655790194824408
0 0.23510339186739823 0.10385764343799998 0.015240796111452022 0.015617112064821095
0 0.142741345062349 0.11411225316731038 0.011430597083588874 0.01016053074096799
0 0.15283131656206017 0.11166619947041063 0.009031582880860452 0.010536846694337161
0 0.16983609370493036 0.11505304305073334 0.01143059708358881 0.012042110507813947
0 0.16475582833444646 0.11251291036549128 0.008890464398346553 0.011853952531129338
0 0.184300738162559 0.10809119791340364 0.011571715566100906 0.013171058367920947
0 0.19805979020761902 0.10235237962452332 0.010583886188508274 0.011477636577760126
0 0.17668034010683223 0.09840106211414686 0.010160530740967993 0.008843424904175824
0 0.18126669078851917 0.08965171619831334 0.006914805643158779 0.006773687160645334
0 0.20137607454668496 0.09595500841724716 0.009313819845887323 0.008467108950806655
0 0.21308890859530083 0.09698987728901243 0.01100724163604866 0.012042110507813923
0 0.23192822601084567 0.09087474304676321 0.010301649223481637 0.011101320624390822
0 0.23700849138132973 0.08381881892109097 0.009737175293427389 0.010913162647706387
0 0.24879188467120275 0.08513592475788316 0.010160530740967146 0.0109131626477065
0 0.2645265954714517 0.07902079051563392 0.010866123153534153 0.0122302684844984
0 0.19996488972155058 0.08080829129413747 0.005926976265564683 0.006397371207276148
0 0.20596242522837194 0.07808000063221089 0.004939146887970551 0.005832897277222387
0 0.2260718089865377 0.08156092320087587 0.00846710895080669 0.009031582880860424
0 0.2373612875876133 0.07619842086536498 0.007055924125672206 0.006585529183960732
0 0.24949747708376951 0.07845631658558008 0.00846710895080669 0.005832897277222387
0 0.24780405529360816 0.07544578895862658 0.008749345915833545 0.009219740857545018
0 0.2735581783523117 0.07177670841327703 0.01001941225845453 0.010160530740967993
0 0.2969132872082868 0.06943029339661459 0.011571715566102404 0.012794742414552269
0 0.3163876377951421 0.06538489689789585 0.01157171556610244 0.010348688717652576
0 0.33494471824565997 0.05672962997040461 0.011995071013642757 0.009596056810914204
0 0.38130956716603615 0.04860912731412793 0.014676322181398188 0.010725004671021762
0 0.419263011547443 0.04525199339264446 0.011571715566102512 0.009219740857545032
0 0.41305379831685135 0.04393488755585232 0.015805270041505823 0.011101320624390959
0 0.40705626281003005 0.04384080856751003 0.012559544943696465 0.010536846694337174
0 0.40373997847096404 0.04337041362579854 0.01213618949615615 0.010348688717652581
0 0.39936530551304733 0.04346449261414084 0.011289478601075445 0.009784214787598802
0 0.39597846193272473 0.04252370273071787 0.00959605681091425 0.00940789883422962
0 0.3162465193126296 0.047980284054571054 0.007338161090697221 0.007150003114014488
0 0.28343647212825285 0.06811318755982244 0.010583886188508274 0.00940789883422961
0 0.297618879620854 0.058705288725592816 0.010160530740967993 0.009784214787598798
0 0.2681362578976088 0.06857367928192087 0.008184871985779765 0.007714477044068273
0 0.28435374466156293 0.06051257836552248 0.012600400518545954 0.007531273873153879
0 0.28131226867432774 0.05423651680456091 0.006372616354207103 0.005793287594733751
0 0.2888435425474816 0.050712266851097886 0.008110602632627249 0.006469171147452686
0 0.2525268709379943 0.06471271187170448 0.0074588577782199565 0.007241609493417247
0 0.39228993416094626 0.042435831631424746 0.009052011866771537 0.008593376598855071
0 0.38312929815177343 0.041180619319232434 0.012745232708414206 0.008014047839381698
0 0.37643080937036255 0.04069784535300462 0.012672816613480081 0.008207157425872823
0 0.3727375885287198 0.03929780085094396 0.01730744668926711 0.009655479324556251
