0 0.649317802372045 0.8198376348816889 0.27285459644729826 0.32899214499865503
0 0.766963897292619 0.5809266724421893 0.16971817003898892 0.18886586101774636
0 0.11390700258385962 0.7515151920711208 0.12206652998958054 0.2358647388746979
0 0.2591465904056861 0.5700473025678946 0.13316348726136107 0.18799551142780416
0 0.3420473888478075 0.503465558937215 0.1357745360311916 0.16971817003898884
0 0.46509306212607376 0.3759593440104878 0.12206652998958216 0.12533034095186857
0 0.31658966334195937 0.2523697022385059 0.07049831678542665 0.06440586965582183
0 0.6491720003991317 0.3080720759948918 0.1338162494538183 0.08529425981446692
0 0.07898422528737549 0.4364486405115629 0.06266517047593434 0.09660880448373227
0 0.1032671100475568 0.22313150274874474 0.04014209917256493 0.0352196655952728
0 0.06790878435151516 0.2364428724225486 0.03431837494027563 0.03244646357989693
0 0.04159803023063716 0.2489222814917397 0.029118621161446038 0.03799286761064854
0 0.025374798440688667 0.2575192077394047 0.022046956022237704 0.03022790196759623
