0 0.08843213764010134 0.41277595670594863 0.08990600660076971 0.1370698133421577
0 0.2505577233136205 0.24426360553620072 0.10243389276645062 0.07221957907274952
0 0.3157764248231954 0.199556247062594 0.10685549964845581 0.0712369997656372
0 0.39591804955953736 0.24794827793787164 0.1182779840936356 0.07565860664764226
0 0.35520241952107307 0.12537150937561992 0.04126833089871344 0.03782930332382118
0 0.37786315479134996 0.13470601279318628 0.04237373261921526 0.039794461938045644
0 0.40402432884321315 0.13937326450196946 0.0431106670995495 0.046181227434275184
0 0.43387017529674743 0.14821647826597956 0.045321470540552 0.047163806741387385
0 0.47421733809504363 0.16025307477810444 0.04347913433971641 0.04568993778071903
0 0.5199072758757627 0.1759743436919003 0.037583658497043045 0.05158541362339248
0 0.4556097424666055 0.2784082364583509 0.12564732889697738 0.08057150318320355
0 0.5543589628313845 0.32876542594785296 0.13522747714131964 0.08499311006520899
0 0.5641233446958134 0.19709979879481343 0.04421606882005058 0.06042862738740259
0 0.6217884677819626 0.21822525389772632 0.057112422225899434 0.08302795145098399
0 0.6789008900078615 0.2499134365520962 0.06079709462756979 0.07467602734053003
0 0.5077478569502482 0.46780039790423367 0.17612734079986792 0.1233137030425865
0 0.6418699323710687 0.39238743608337034 0.13412207542082058 0.09039729625432616
0 0.7203534545266582 0.4741871634004641 0.16728412703585832 0.12429628234969874
0 0.8522446366929972 0.5476349666071042 0.11569871341246586 0.11496177893213194
0 0.7967903170478502 0.6886350971777094 0.18312821836304338 0.16703848220908168
0 0.8828274176268619 0.8166651801447838 0.13633287886181547 0.16664544898694306
0 0.7424413991232044 0.2893495161310741 0.06337636530873948 0.07713247560831057
0 0.8072916333926122 0.33135478151012215 0.07148264459241563 0.08941471694721372
0 0.8725103349021869 0.3802381020389561 0.07074571011208192 0.0977666410576676
0 0.9428875777741007 0.4443514018280304 0.08327359627776304 0.1257701513103663
0 0.9837874414326471 0.49077827408908303 0.03242511713470273 0.10955759274301456
