0 0.5345149253731346 0.7658582089552236 0.19029850746268662 0.3003731343283578
0 0.8416511194029849 0.6874999999999997 0.11054104477611953 0.24067164179104508
0 0.9708488805970145 0.5904850746268657 0.05830223880597002 0.10261194029850763
0 0.7975746268656718 0.3134328358208955 0.06156716417910501 0.11194029850746273
0 0.7416044776119404 0.6222014925373134 0.12873134328358177 0.24813432835820903
0 0.6527518656716415 0.5195895522388062 0.12733208955223815 0.19962686567164148
0 0.5499067164179103 0.466417910447761 0.12313432835820859 0.18283582089552264
0 0.3183302238805969 0.6026119402985075 0.188899253731343 0.2574626865671639
0 0.6291361216944918 0.22594777374505357 0.06473674635943742 0.0978244167209257
0 0.5762677788342855 0.21839515333645296 0.07121042099537807 0.07121042099538044
0 0.54470861498406 0.31765816442092165 0.12893401983254274 0.10573668572041237
0 0.4861758068174035 0.1921408062017924 0.07013147522272456 0.058982368905263954
0 0.4484127047743985 0.17739521397547633 0.0744472583133523 0.06689463790475081
0 0.40525487386810755 0.3716054530537852 0.1348682215821593 0.1546488940808754
0 0.336202344418042 0.3518247805550686 0.11760508921964204 0.10645598290218466
0 0.32703130535045516 0.19034256324736373 0.0625788548141217 0.04675431681514816
0 0.14414999688504765 0.36153529250898386 0.10573668572041255 0.1158068462652138
0 0.21751830942574202 0.2637108757880582 0.09494722799383978 0.08991214772143968
0 0.1140406108317141 0.3254653711279952 0.08953753936060269 0.0962927720969991
0 0.1934453010877219 0.23777016796822767 0.08106279283675971 0.07614989630119817
0 0.17391653735886603 0.2304008231648858 0.06779797219074446 0.06632410323007537
0 0.1503346339881724 0.2215576094008758 0.06190249634807097 0.06435894461585116
0 0.20855245793457244 0.16186591649380755 0.03758365849704308 0.03832059297737725
0 0.09764381864427854 0.31662215736398486 0.07516731699408627 0.07369344803341776
0 0.09469608072294186 0.29426847812718143 0.0781150549154229 0.06927184115141248
0 0.08364206351792922 0.2719147988903781 0.05969169290706851 0.0520767032769485
0 0.07111417735224818 0.25938691272469705 0.056007020505397576 0.049620255009167835
0 0.06485023426940767 0.25005240930713063 0.054533151544729194 0.04568993778071891
0 0.055270086025063364 0.2448938679447916 0.048637675702055766 0.0432334895129384
0 0.06153402910790385 0.22622486110965898 0.0420052653790482 0.025547061984917963
0 0.13006893577898246 0.21615342321175862 0.05379621706439504 0.04372477916649438
0 0.12288382459572424 0.2080471439280827 0.05342774982422797 0.04519864812716286
0 0.1203045539145546 0.2023973129121871 0.05490161878489629 0.04667251708783078
0 0.11256674187104576 0.19773006120340417 0.043847601579883586 0.04126833089871388
0 0.10243389276645078 0.19306280949462118 0.039057527457711454 0.0427421998593823
0 0.007369344803341781 0.2805614960433173 0.014738689606683562 0.04382303559790873
0 0.05545431964514691 0.1999408646444067 0.015844091327184832 0.021125455102913197
0 0.07498308337400257 0.18618475434483547 0.018054894768187415 0.024073193024249775
0 0.10740820050870642 0.1633397854544759 0.021002632689524223 0.023581903370693758
0 0.12656849699739506 0.15400528203690964 0.018791829248521633 0.020634165449356943
0 0.16065171671285064 0.13165160280010624 0.020634165449357277 0.0240731930242498
0 0.22697581994292665 0.09996342014573655 0.02431883785102787 0.0157212689137959
0 0.2607148140957668 0.08845274147346531 0.02251794198435316 0.015814127195118245
0 0.24386933077922784 0.10449605891778818 0.022861727358160097 0.015814127195118245
0 0.2502293601946558 0.11859125924387186 0.02114280048912555 0.02108550292682434
0 0.2658715947028706 0.10999662489869888 0.029737434834298488 0.024064976166484328
0 0.28263113167595794 0.10335010767176515 0.024064976166484276 0.020397932179210446
0 0.27756029741230587 0.09017166834249993 0.019767658993897808 0.012834653955458237
0 0.30265662970021084 0.09739116119244524 0.019767658993898 0.016730888191936806
0 0.3202756301078155 0.10816310290506204 0.02990932752120204 0.02681525915693976
