0 0.2873611666542784 0.9316775571894328 0.16384331030686977 0.1366448856211342
0 0.5523826167920834 0.7963381959532131 0.21998085885822877 0.26632697452272125
0 0.0404712559323742 0.8729289598682416 0.0809425118647484 0.25414208026351054
0 0.10737938065928311 0.821143159266604 0.11684443244991939 0.24979033231379408
0 0.19550227664106556 0.7515151920711215 0.13251072506890327 0.284604315911535
0 0.2855834592002203 0.6553415623823585 0.15078806645771714 0.21932809666576916
0 0.374685498470691 0.5791859732623014 0.1488297798803429 0.19931005609707003
0 0.46607220541476174 0.5078173068869327 0.13708006041610546 0.17668096675853723
0 0.37174806860463083 0.3911904618344992 0.15209359084263233 0.11575649546248928
0 0.7010349158543956 0.5861487699818508 0.17363474319373653 0.1958286577372941
0 0.7506448424811775 0.5147801036064812 0.18799551142780366 0.19060656019763325
0 0.7826301899116018 0.4547259819003777 0.16057949934458363 0.14708908070045598
0 0.8074351532249926 0.36899654729093984 0.11488614587254747 0.10618264997311017
0 0.6283277919834748 0.34307040178773035 0.12840346385342824 0.10224720269809975
0 0.6577535857832187 0.30651108221835166 0.12662008241101871 0.10521950510211373
0 0.8299099949302691 0.3400980993837153 0.110123804068738 0.09273583500525402
0 0.8312475310120755 0.3023498588527312 0.08248139171140302 0.04696237798343024
0 0.843285355748334 0.2981886354871104 0.08961491748103835 0.07311863913875875
0 0.854877335123991 0.2806520513034252 0.07356448449935944 0.07371309961956052
0 0.8666922371799488 0.27322129529338907 0.05617651543587417 0.05409590375306389
0 0.8559919485254962 0.24855118534006823 0.06420173192671394 0.038045470771386695
0 0.8700360773844648 0.25271240870568873 0.069997721614542 0.055879285195473416
0 0.9906372474273542 0.29824808062811675 0.018725505145291522 0.020925007110112723
0 0.984395412378924 0.3098400600037733 0.031209175242152207 0.02151946759091571
0 0.98773925258344 0.3264849534662545 0.024521494833119776 0.027464072398945185
0 0.9901914020667513 0.35709966822760414 0.019617195866494855 0.04113666345741148
0 0.956307154660987 0.23993150836842655 0.03655931956937917 0.038639931252188564
0 0.9273272062218451 0.22506999634835392 0.03388424740576546 0.04577345702182332
0 0.9039203247902301 0.21466693793430314 0.03878854637238903 0.039234391732991446
0 0.7222383403448426 0.27173514409138194 0.06152665976310123 0.07609094154277184
0 0.7289260207538752 0.2390398176472222 0.06152665976310043 0.02496734019372218
0 0.7316010929174884 0.2244755358675511 0.05795989687828385 0.03031748452094813
0 0.017165046383183852 0.5128483141979647 0.034330092766367705 0.11128300019215503
0 0.06108081440249833 0.46493480035232504 0.061526659763100594 0.13078130577664024
0 0.11948655664138343 0.42570040861933256 0.060634969041895685 0.12483670096860695
0 0.025859030914926317 0.4245114876577282 0.04547622678142214 0.07965770442758893
0 0.10834042262632922 0.3549596114037884 0.05082637110864827 0.06420173192671363
0 0.16206478857889145 0.32969504096966445 0.043246999978411076 0.049340219906641315
0 0.22961036071012164 0.3460427041917449 0.07490202058116587 0.10581396558291686
0 0.2828888813020818 0.3085916939011616 0.07356448449935941 0.0939247559668594
0 0.3323777163289233 0.2797603605822202 0.07891462882658579 0.07906324394678806
0 0.27664704625365133 0.24379550149364448 0.059297432960089734 0.05350144327226297
0 0.3878854637238945 0.24974010630167434 0.086493999956823 0.08084662538919521
0 0.42756570081748835 0.22715060803116416 0.07401032985996217 0.06776849481153112
0 0.4676917832716846 0.20872233312627406 0.07579371130237045 0.06182389000350217
0 0.3999232884601534 0.18613283485576368 0.06241835048430515 0.0439900755794152
0 0.4320241544235104 0.1709740925952898 0.060634969041896095 0.03745101029058295
0 0.45119550492940375 0.1635433365852531 0.04815129894503527 0.04399007557941505
0 0.3018373091276743 0.13352308230470672 0.036559319569378884 0.031506405482553866
0 0.2840034947035873 0.17751315788412175 0.03299255668456112 0.036262089328977114
0 0.24855878853571384 0.19326636062539862 0.03968023709359434 0.04399007557941492
0 0.22492898442379874 0.2072361819242669 0.02273811339071102 0.036262089328977114
0 0.12216162880499674 0.2369592059644121 0.025859030914926303 0.027939642597736486
0 0.09028368552194102 0.2931357214002865 0.026304876275528494 0.04399007557941488
0 0.07155818037664956 0.28184097226503135 0.027196566996732844 0.042801154617809055
0 0.02519026287402305 0.3172113708728041 0.0343300927663677 0.04815129894503528
0 0.010477365974151186 0.36625436053904326 0.02095473194830237 0.04755683846423311
0 0.5566379327118176 0.17209630919244068 0.06375588656610907 0.04577345702182357
