0 0.08317669172932328 0.888157894736842 0.16635338345864656 0.2236842105263156
0 0.05956296992481202 0.7640977443609022 0.11912593984962404 0.2124060150375936
0 0.037711466165413536 0.6221804511278196 0.07542293233082707 0.14473684210526333
0 0.024318609022556396 0.5427631578947367 0.04863721804511279 0.07612781954887192
0 0.020794172932330834 0.49201127819548873 0.04158834586466167 0.06860902255639098
0 0.017269736842105265 0.4196428571428571 0.03453947368421052 0.06484962406015037
0 0.004999999999999999 0.37383333333333324 0.009999999999999998 0.026333333333333257
0 0.011749999999999993 0.38883333333333275 0.023499999999999986 0.020333333333332135
0 0.005625 0.3488333333333333 0.01125 0.021000000000000015
0 0.007624999999999998 0.3084999999999996 0.015249999999999996 0.031666666666666024
0 0.052249999999999845 0.26749999999999863 0.022000000000000255 0.03299999999999763
0 0.0828749999999999 0.2961666666666662 0.03374999999999978 0.045666666666665946
0 0.16674999999999884 0.2723333333333314 0.062499999999997724 0.05199999999999625
0 0.23349999999999882 0.3068333333333324 0.09149999999999765 0.07900000000000165
0 0.26437499999999914 0.32733333333333214 0.09275000000000144 0.0806666666666644
0 0.30912499999999843 0.3498333333333312 0.1047500000000028 0.09499999999999581
0 0.3630169172932331 0.38956766917293223 0.1268796992481202 0.12875939849624035
0 0.4412593984962404 0.42199248120300753 0.13392857142857167 0.17105263157894743
0 0.5159774436090226 0.48355263157894735 0.13674812030075167 0.175751879699248
0 0.6167763157894739 0.5408834586466166 0.12124060150375932 0.20582706766917294
0 0.8190789473684206 0.6555451127819545 0.10291353383458735 0.25281954887217967
0 0.42102255639097697 0.2022506265664159 0.07653759398496163 0.04947869674185481
0 0.9791249999999971 0.3154999999999988 0.04174999999999482 0.058333333333330975
0 0.9843749999999936 0.28216666666666534 0.031249999999993533 0.03899999999999753
0 0.9644999999999984 0.25299999999999956 0.027499999999997336 0.02866666666666591
0 0.9774999999999965 0.23899999999999932 0.023499999999992548 0.020666666666665296
0 0.9653749999999985 0.2258333333333332 0.02024999999999758 0.016999999999999738
0 0.9452499999999973 0.2968333333333326 0.03799999999999465 0.04566666666666535
0 0.9066249999999982 0.2723333333333329 0.04374999999999705 0.05933333333333266
0 0.8692499999999971 0.2541666666666659 0.03249999999999466 0.04366666666666534
0 0.8309999999999969 0.2334999999999991 0.03199999999999395 0.048999999999998274
0 0.7582499999999959 0.20499999999999896 0.031999999999991584 0.03999999999999825
0 0.8538749999999973 0.20416666666666594 0.02824999999999472 0.034999999999998664
0 0.9336249999999984 0.24783333333333296 0.029249999999997285 0.036333333333332746
0 0.9198749999999992 0.22366666666666637 0.02474999999999859 0.027333333333332842
0 0.9218749999999973 0.2073333333333328 0.013749999999995268 0.017999999999999038
0 0.9304999999999967 0.19249999999999914 0.013499999999993802 0.02299999999999842
0 0.8712499999999989 0.20099999999999965 0.017999999999997726 0.029333333333332812
0 0.8802499999999989 0.16666666666666644 0.012999999999998558 0.01799999999999972
0 0.8589999999999978 0.17333333333333303 0.022999999999996194 0.030666666666666113
0 0.8636249999999981 0.15866666666666634 0.014749999999996564 0.01666666666666602
0 0.8478749999999993 0.15066666666666648 0.014249999999998092 0.017333333333333072
0 0.8341249999999993 0.15949999999999986 0.016249999999999213 0.02233333333333311
0 0.8491249999999961 0.16433333333333133 0.009749999999993764 0.019999999999999806
0 0.877874999999999 0.13083333333333308 0.020249999999998235 0.016333333333332943
0 0.8216249999999989 0.17999999999999974 0.020749999999998513 0.02733333333333301
0 0.796874999999998 0.17933333333333287 0.023249999999996458 0.03399999999999908
0 0.7681249999999994 0.16866666666666652 0.020249999999999244 0.02799999999999979
0 0.7418749999999986 0.1604999999999997 0.022249999999997567 0.027666666666666173
0 0.7697499999999969 0.15283333333333268 0.020499999999994235 0.026999999999998758
0 0.796125 0.14949999999999997 0.017249999999999942 0.01966666666666667
0 0.8166249999999999 0.15566666666666665 0.017749999999999915 0.02333333333333332
0 0.83125 0.144 0.01450000000000017 0.01866666666666667
0 0.8127499999999998 0.1383333333333333 0.011499999999999915 0.015333333333333334
0 0.7959999999999999 0.13083333333333333 0.013500000000000085 0.014999999999999982
0 0.77775 0.13899999999999998 0.015 0.020666666666666663
0 0.781125 0.12499999999999999 0.01174999999999983 0.01599999999999998
0 0.7981249999999992 0.11716666666666661 0.011249999999999991 0.012333333333333276
0 0.8113749999999997 0.12466666666666665 0.010249999999999773 0.012666666666666658
0 0.8225 0.12599999999999997 0.010499999999999971 0.011999999999999976
0 0.8375 0.13316666666666663 0.010499999999999971 0.012999999999999989
0 0.8908749999999986 0.16666666666666635 0.012750000000002875 0.013333333333333754
0 0.7218749999999985 0.1428333333333329 0.02274999999999704 0.02499999999999925
0 0.6839999999999976 0.1776666666666662 0.03399999999999575 0.0400000000000008
0 0.6468749999999982 0.16716666666666632 0.03724999999999686 0.03700000000000051
0 0.6137499999999978 0.15833333333333222 0.036999999999995856 0.037333333333332885
0 0.68325 0.14216666666666664 0.02450000000000017 0.02766666666666666
0 0.658125 0.13516666666666663 0.025249999999999915 0.0243333333333333
0 0.6735 0.1288333333333333 0.023500000000000087 0.021666666666666643
0 0.634125 0.13 0.027250000000000014 0.02666666666666666
0 0.60875 0.12516666666666665 0.026499999999999985 0.022999999999999972
0 0.625 0.11349999999999998 0.020499999999999973 0.014999999999999965
0 0.6488749999999994 0.11699999999999985 0.027749999999998977 0.021333333333333194
0 0.6584999999999995 0.10799999999999982 0.019499999999998966 0.017333333333333305
0 0.6754999999999985 0.11399999999999984 0.022 0.017333333333333072
0 0.7160923682560184 0.12335636951441875 0.014591651091890298 0.017385797045656338
0 0.7351856989400869 0.12946209585783375 0.01645441506106764 0.024629879148013158
0 0.7235434241327282 0.11942386780171078 0.013660269107301417 0.016557901948244157
0 0.7408516060130022 0.12418426461183095 0.014436420761125248 0.01573000685083194
0 0.7477593557320352 0.11518090542747322 0.010555662492005524 0.014695137979066679
0 0.7708886750159888 0.11062748239170608 0.010555662492005666 0.01510908552777277
0 0.7857907867694085 0.10897169219688166 0.009313819845887394 0.008899872297181215
0 0.7859460171001734 0.11849248581712203 0.00993474116894646 0.013039347784242263
0 0.8264611334297828 0.13712012550889668 0.010555662492005524 0.01138355758941783
0 0.7330900894747628 0.1099030741814704 0.011952735468888847 0.014488164204713615
0 0.7396873785322663 0.10503919048417369 0.013970729768831092 0.014281190430360571
0 0.7182655928867254 0.10534965114570326 0.014281190430360625 0.013246321558595292
0 0.6967661920758021 0.11600880052488542 0.017851488037950673 0.01842066591742162
0 0.6990170318718916 0.13463644021666007 0.020800864322481658 0.020904351209658216
0 0.6842701504492364 0.10855774464817555 0.015212572414949362 0.017178823271303295
0 0.6899360575221514 0.09593234441263938 0.012884117453477444 0.012625400235536155
0 0.7301407131902318 0.09841602970487603 0.009158589515122486 0.010555662492005631
0 0.7230777331404338 0.10286596585346665 0.010245201830476135 0.014488164204713615
0 0.5781702193715026 0.1524361848110224 0.047966172206317804 0.03249488257342893
0 0.5484436110300466 0.146433945354784 0.03632389739896062 0.02835540708636808
0 0.5243829097615044 0.14084565344725164 0.03632389739896062 0.029183302183780294
0 0.49356968910469345 0.13753407305760276 0.040825576991139145 0.032080935024723096
0 0.46617153572470754 0.13608525663713142 0.034771594091314466 0.02918330218378025
0 0.4953548379084889 0.10907517908405819 0.02918330218378017 0.021111324984011262
0 0.5156123960732935 0.11124840371476517 0.02499208325313097 0.019248561014833812
0 0.5329981931189489 0.11362860211982528 0.024060701268542175 0.01986948233789289
0 0.5584559673643748 0.11331814145829569 0.034926824422078936 0.028355407086367936
0 0.5795672923483868 0.12056222356065255 0.023439779945483182 0.020904351209658216
0 0.5225977609577093 0.09810556904334647 0.024371161930071848 0.011590531363770876
0 0.5414582461456311 0.10017530678687697 0.02297408895318874 0.010348688717652585
0 0.5046686577543753 0.08868826231028253 0.02017994299942385 0.01552303307647897
0 0.5246157552576516 0.08413483927451548 0.0225083979608943 0.010969610040711739
0 0.5638114137757607 0.0906545131666366 0.0220427069686 0.014488164204713598
0 0.5816629018137114 0.10524616425852674 0.020490403660952127 0.010555662492005631
0 0.6040936846092234 0.10979958729429388 0.024060701268542175 0.012625400235536155
0 0.5825942837982998 0.09406958044346192 0.019869482337893 0.01386724288165446
0 0.557214124718257 0.07616634896192301 0.016920106053361934 0.014074216656007534
0 0.5804986743329755 0.08641155079239905 0.01723056671489168 0.009727767394593433
0 0.6188405660318778 0.09976135923817081 0.020956094653245567 0.01697184949695022
0 0.6306380711700021 0.09562188375110985 0.018161948699480207 0.011176583815064785
0 0.6376234360544177 0.10183109698170138 0.020335173330187216 0.010762636266358695
0 0.6659529714189898 0.10359037406370225 0.01707533638412986 0.01262540023553636
0 0.6696784993573462 0.09458701487934457 0.017385797045657438 0.014902111753419725
0 0.6785266282109393 0.08506622125910415 0.012728887122713148 0.010348688717652566
0 0.66525443493055 0.08309997040275022 0.011952735468888562 0.009727767394593422
0 0.6546211572731622 0.09075800005381314 0.018627639691774646 0.012211452686830047
0 0.6492657108617769 0.09934741168946477 0.01443642076112539 0.012418426461183091
0 0.6898900279907555 0.08855478144033277 0.012722928551174562 0.010024125525167803
0 0.6835767566263469 0.08090817286664707 0.009734968058095603 0.009895611095357965
0 0.6383718059407344 0.08771943764656878 0.0180241487808307 0.016578361445469866
0 0.625407912833664 0.08514914905037146 0.015228959932461972 0.012208870831934511
0 0.6088295513881965 0.08167925944550612 0.018506077892617653 0.013236986270413906
0 0.6113837756806655 0.09318130091348693 0.018024148780827653 0.008481952367450097
0 0.6208295862716895 0.07936599970892845 0.013397629307678733 0.008353437937639834
0 0.6402513294767026 0.07660293946801723 0.013301243485317289 0.00719680806935109
0 0.6536007658732008 0.08077965843683721 0.016289203978397778 0.008610466797259537
0 0.6728297374334988 0.07621739617858778 0.010987983748741641 0.007710865788590633
0 0.6588537931916782 0.06966316025828574 0.00867472401216446 0.00796789464821031
0 0.6616007891288611 0.0558478590537273 0.010891597926380508 0.008610466797259155
0 0.4300062903532067 0.10586708558158586 0.028251920199191486 0.019248561014833757
0 0.4461502447527446 0.13298065002183568 0.035702976075901345 0.029183302183780277
0 0.4199939340188776 0.13277367624748262 0.03306406045289997 0.025457774245425373
0 0.39290624130042207 0.13329111068336522 0.02887284152225071 0.023595010276247875
0 0.372571067970235 0.13339459757054145 0.030735605491428022 0.023801984050600532
0 0.3587555685321688 0.12904814830912764 0.040670346660375056 0.030425144829898616
