0 0.5315454545454501 0.7562121212121116 0.1890000000000061 0.31121212121211456
0 0.7046249999999943 0.5778787878787817 0.108477272727261 0.2084848484848605
0 0.8060909090909005 0.6290909090909015 0.09245454545453931 0.19496969696970115
0 0.4799999999999999 0.40818181818181826 0.11727272727272707 0.14
0 0.3589772727272728 0.3477272727272727 0.11250000000000007 0.11
0 0.2273863636363638 0.4559090909090909 0.14386363636363647 0.12818181818181812
0 0.3228409090909093 0.3168181818181818 0.09340909090909091 0.07727272727272734
0 0.2526136363636364 0.2795454545454545 0.0920454545454546 0.08454545454545441
0 0.18204545454545454 0.42590909090909096 0.12000000000000004 0.11545454545454543
0 0.16125 0.3922727272727273 0.1097727272727273 0.09909090909090906
0 0.10704545454545446 0.3095454545454546 0.08590909090909077 0.0681818181818179
0 0.08488636363636363 0.2709090909090906 0.06068181818181816 0.03454545454545449
0 0.11556818181818183 0.22954545454545452 0.04431818181818183 0.0390909090909091
0 0.09409090909090914 0.30227272727272714 0.09000000000000007 0.051818181818181826
0 0.21599999999999933 0.26533333333333287 0.08399999999999887 0.05733333333333404
0 0.17137499999999975 0.250833333333333 0.07574999999999972 0.04966666666666693
0 0.15849999999999997 0.245 0.065 0.04466666666666665
0 0.1502499999999997 0.2348333333333331 0.06349999999999946 0.051666666666667097
0 0.14987499999999998 0.1388333333333333 0.02575000000000001 0.020333333333333314
