0 0.5710470085470086 0.2884615384615385 0.08440170940170943 0.0555555555555555
0 0.34508547008547014 0.3027065527065526 0.07478632478632491 0.05840455840455819
0 0.042200854700854704 0.4380341880341881 0.06517094017094018 0.07549857549857557
0 0.3915598290598291 0.31552706552706555 0.07371794871794869 0.06125356125356124
0 0.43269230769230765 0.3290598290598291 0.07692307692307693 0.06837606837606834
0 0.5400641025641025 0.3653846153846153 0.07158119658119652 0.06980056980056978
0 0.6853632478632479 0.42022792022792016 0.05662393162393158 0.09116809116809116
0 0.7622863247863247 0.46011396011396016 0.058760683760683746 0.07122507122507123
0 0.8408119658119654 0.509259259259259 0.0641025641025633 0.11253561253561188
0 0.8872863247863247 0.7962962962962967 0.09935897435897428 0.24216524216524304
0 0.7580128205128203 0.7314814814814815 0.1057692307692304 0.2749287749287747
0 0.6105769230769231 0.6474358974358974 0.13354700854700882 0.2350427350427347
0 0.483974358974359 0.5754985754985755 0.14529914529914534 0.1709401709401709
0 0.35523504273504275 0.5313390313390314 0.16987179487179488 0.17663817663817669
0 0.2735042735042736 0.4779202279202279 0.18162393162393173 0.1980056980056979
0 0.19284188034188035 0.45014245014245013 0.1014957264957265 0.10541310541310538
0 0.013354700854700854 0.7435897435897436 0.026709401709401708 0.11396011396011389
0 0.04433760683760683 0.908119658119658 0.08226495726495725 0.16951566951566946
