0 0.7081532875631457 0.8894220845976726 0.24564094064374087 0.22115583080465434
0 0.764232087517182 0.7714723081685249 0.2187863040460333 0.22115583080465517
0 0.8025394367815596 0.6524694087355468 0.1911418251954505 0.20219961673568265
0 0.8293940733792655 0.56348051491177 0.1405919210115339 0.16323406559391135
0 0.9490551746896416 0.883629908076599 0.10188965062071245 0.15480908156325457
0 0.9573485183448167 0.756307335306412 0.08530296331036563 0.15923219496547242
0 0.9597180451034377 0.6504684734213291 0.08056390979312306 0.10973541378538387
0 0.9664317042528654 0.5593733335898894 0.06713659149426932 0.09604481473557229
0 0.8380823381608797 0.48133692061290057 0.1532293970575084 0.14006535950961266
0 0.8479553663218011 0.42394171690407406 0.1161068111724429 0.12005602243681118
0 0.8487452085746752 0.3365325075860452 0.10030996611496762 0.09056857832952422
0 0.8586182367355966 0.31231067849791655 0.08056390979312462 0.06950611825289083
0 0.8588557307293848 0.28362199204624333 0.06364434148340456 0.06333982310310292
0 0.8577899163983232 0.25499726429772573 0.06882115394856063 0.06374584761017413
0 0.8559628061165034 0.22353036499970969 0.05420427169399829 0.045474744791971486
0 0.8556582877361992 0.2074923969703984 0.045068720284898334 0.0385723281717614
0 0.07255119958889987 0.765704633880016 0.11024539825799322 0.24967340193721965
0 0.03060120429587676 0.8487368277419891 0.061202408591753514 0.2681557170547814
0 0.22778644787129462 0.5768522213921142 0.160504329816784 0.25723926260198465
0 0.31756349093800557 0.5079488474808685 0.13659080592994044 0.15834265534113823
0 0.4393603371752347 0.40721481609110805 0.13699611989412794 0.13305106232683928
0 0.5283267523135788 0.3152896098388368 0.11146134015054815 0.08970949073934792
0 0.5907451027978842 0.28043260891903043 0.10497631672360588 0.0664714901261431
0 0.7271332517457325 0.18477851337165407 0.056743954985733404 0.03620804746708612
0 0.6432332611596876 0.16856595480430223 0.055122699128996616 0.03728888470490944
0 0.798468509442082 0.1466790007383771 0.030803861277968705 0.024859256469939604
0 0.8467008711799542 0.13830251214524533 0.013780674782249066 0.01567213994844021
0 0.9260302015364555 0.3731144020623924 0.03283043109888944 0.04971851293987925
0 0.9284620853215558 0.33744677321421784 0.05147487345134818 0.04431432675076235
0 0.9315019400529375 0.31474919121992534 0.05674395498573171 0.025940093707763137
0 0.9272461434290062 0.2988068419620291 0.0522855013797135 0.03404637299143946
0 0.9207611200020653 0.2839453299419567 0.05066424552297768 0.04107181503729163
0 0.9163026663960427 0.2653008875895019 0.04985361759461236 0.019995488899734404
0 0.9130601546825747 0.25557335244909096 0.02715603560031454 0.013510465472793278
0 0.9122495267542066 0.24503518938031207 0.036883570740725985 0.022697581994292712
0 0.9114388988258394 0.2285524215035043 0.03850482659746133 0.022157163375381084
0 0.9848007263431029 0.25914011450929453 0.030398547313789853 0.019563152355377946
0 0.9910830927879536 0.2823240740852215 0.017833814424081024 0.02918260542123339
0 0.6778132943142232 0.09480982518469254 0.0191135369359219 0.011192611719233535
0 0.6862077531036483 0.09317398193341994 0.01420600718210409 0.011020417692783759
0 0.6350015544881551 0.08335892242578442 0.01795122725738594 0.012053581851482243
0 0.6409422484006713 0.06407319146341281 0.009944205027472676 0.005854596899291389
0 0.5923189601819242 0.06140418405344175 0.010589932626659432 0.006371178978640603
0 0.5848930927912789 0.061490281066666624 0.010977369186171444 0.006543373005090353
0 0.046429782903663515 0.5902306648575305 0.0699626865671642 0.12550881953867032
0 0.007435647903726394 0.314999694964348 0.014871295807452788 0.030566231682526673
0 0.02894182953296582 0.28171849804329563 0.017159187470137807 0.024404177735306898
0 0.06211625864189901 0.25517895475614927 0.018074344135211945 0.025014282178689465
0 0.00629170207238387 0.2876975211229731 0.01258340414476774 0.02049950836671247
0 0.031115326612516602 0.2638729430743522 0.014184928308647277 0.016777872193023635
0 0.017731160385809092 0.27027903972987033 0.013040982477304754 0.01799808107978906
0 0.04907527616459422 0.24846780587893957 0.012583404144767775 0.017082924414715015
0 0.02631075412087802 0.25182338031754437 0.009609144983277189 0.01586271552794969
0 0.029971380781174128 0.2423667614451128 0.010981879980888287 0.012812193311036245
0 0.04827451408265448 0.2391637131173539 0.012812193311036179 0.01616776774964073
0 0.12354614978499244 0.19172809264435045 0.013727349976110281 0.015252611084566929
0 0.27386063202339983 0.12049839887942275 0.019218289966554423 0.01433745441949295
0 0.20293599048016348 0.14932583382925432 0.018303133301480336 0.015862715527949652
0 0.3231646973542626 0.10966904500938021 0.020819814130433906 0.015862715527949635
