0 0.2826366557952781 0.05892411976699142 0.03259966231211411 0.02753474302633382
0 0.3077770733410622 0.05243181413703685 0.02265400262367283 0.02062803490936065
0 0.24367556997202594 0.0993380316426502 0.05081127027495001 0.038999878500509975
0 0.3150829546536558 0.0803618050465449 0.042838580827202995 0.032971611566574036
0 0.33130829696267133 0.08146494446698792 0.03428925031876981 0.031991043192846916
0 0.35171637624086677 0.08017794847647113 0.04973320220497161 0.03824216657535715
0 0.38361549114867677 0.09096420058746922 0.05855831756851551 0.03726159820163007
0 0.40719509626064493 0.09408976227872434 0.049273560779787194 0.035177890407459916
0 0.4391861394534933 0.0967863253064739 0.05276683561118997 0.03983559018266365
0 0.469752294228268 0.10548886962330206 0.06260316211014008 0.03738416924834599
0 0.4977444570220078 0.1119238495758862 0.055340827592223515 0.03971301913594786
0 0.5341940220391453 0.11743954667810115 0.05727132157799879 0.029417051211813327
0 0.5786873119970106 0.13282221304094405 0.04844620621445425 0.04743499507904862
0 0.6131604188858542 0.1536592909826464 0.058374460998438786 0.055769826255728724
0 0.6587108841216472 0.17051280990608042 0.05846638928347778 0.06520779685285287
0 0.7082142656140307 0.19061446156748665 0.05947760041888681 0.07501348059012336
0 0.7572580056812218 0.22082822458295298 0.05295069218126354 0.08494173537411046
0 0.8010158693587932 0.2542288348130328 0.04853813449949178 0.07060092290835147
0 0.8474396533024361 0.28517802410879517 0.046331855658603135 0.06631093627329496
0 0.9043225778761539 0.3247274108973767 0.051389749901335914 0.09996159143867529
0 0.2517556336500063 0.10356574205763285 0.05187513124633192 0.03168461557605719
0 0.2597947621764847 0.10680161769093229 0.03458342083088798 0.02898805254830764
0 0.2697046313034642 0.11017232147561923 0.03923499205375592 0.03330255339270687
0 0.29493434913184596 0.11259922820059373 0.05430203797130653 0.03492049120935664
0 0.317079872997239 0.11907097946719279 0.06623432936909839 0.04867296265087926
0 0.3453432242318408 0.12237426917618595 0.06148163703269021 0.04233603953566791
0 0.3734043332393578 0.12662135594489146 0.05490876465255013 0.04058327356763069
0 0.40192048725780916 0.13639639692048358 0.07553747181483411 0.0512346975272414
0 0.43427924359080367 0.14502539860928199 0.04924598229427588 0.04934710340781672
0 0.47275582729300475 0.15176680617865596 0.06350405930350148 0.06094232442713975
0 0.5172491172508733 0.15871045597511088 0.07867222633459323 0.08399793831439839
0 0.5594671821540768 0.1921478375192055 0.08382940312516432 0.07509928032282492
0 0.6166511718612919 0.211563091319002 0.06835787275345172 0.0718634046895254
0 0.6663521991664993 0.24385443357630301 0.06805450941282938 0.07685204629086226
0 0.727328230631486 0.275808705455135 0.07108814281904786 0.08898657991573496
0 0.8499086619811815 0.3508754141279764 0.05343310424265286 0.0812936900820194
0 0.9247431260937862 0.1307573001863132 0.015574626803774815 0.015802548171635254
0 0.9062055215078317 0.16712342065821736 0.012383727653733417 0.014789564314479104
0 0.907649023504279 0.16297018684387737 0.010256461553705663 0.014384370771616677
0 0.9048759801953142 0.18165973900840748 0.02188045131457187 0.030490814100398715
0 0.9882240626605604 0.2353985326305387 0.0235518746788793 0.012966193371598109
0 0.990465289444518 0.24851667358070936 0.019069421110963145 0.024007717414599675
0 0.9979107207946156 0.2673581733238139 0.004178558410768858 0.013270088528744957
0 0.09177163450302223 0.06602685405225812 0.03626203131566187 0.027585839773877588
0 0.0863768230956309 0.06565607663594271 0.031701469094980596 0.02862401653956143
0 0.031200919582954578 0.10221472988465714 0.03081160329582324 0.0293655713721926
0 0.10934226007145942 0.16954790868756325 0.04783028670470744 0.04953586281975912
0 0.11440337180416689 0.17570281379840175 0.049498785078127626 0.05294701504986238
0 0.12663902654258044 0.18304420664144988 0.05861990951949048 0.06258722787406702
0 0.1285856079782371 0.19416752913091673 0.0511672834515476 0.059917630476594874
0 0.14654977379872616 0.19387090719786432 0.06240183916590919 0.06466358140543413
0 0.15783994612553487 0.21063004641532782 0.07096679748279862 0.08097778772331893
0 0.18464715332515028 0.21374457671237848 0.08453725091994829 0.083647385120791
0 0.19337896147938174 0.23421149009299735 0.08398108479547496 0.08453725091994825
0 0.22029740190389127 0.23984730682099412 0.09977620273051774 0.0981818598403608
0 0.2421547305956939 0.26541611745011523 0.10241243016052128 0.087933572053399
0 0.27324063502410645 0.2862779087791097 0.1265839660962574 0.13107485924041387
0 0.36535230794392803 0.33924873367153785 0.13955179017856198 0.1516737471345956
0 0.42766872094972463 0.38804110327141056 0.14761498154690258 0.18034605675040272
0 0.5656377896055294 0.39064224832069677 0.13786068761208456 0.13525954256280226
0 0.593742078052616 0.5455635572949213 0.145304297694791 0.21507134315835263
0 0.6940387629596322 0.6440942092215346 0.14108155546936335 0.25927462409366203
0 0.8134073812023872 0.6813466641135717 0.14487546641910273 0.3253588788014516
0 0.05279790691189104 0.20434494706259776 0.04237985868486881 0.03885747322987101
0 0.051834682800915584 0.2300027442716346 0.06585006913764377 0.05576492341386047
0 0.06284677206548762 0.24216424352678345 0.06407033753932889 0.05635816727996531
0 0.06913144927203654 0.2572178066291972 0.06284677206548778 0.04909092992018028
0 0.0613451235294098 0.2864350670348629 0.05061111732707421 0.06451527043890795
0 0.09015452877712896 0.289252975398861 0.09532687373473106 0.10485585333404128
0 0.12212618337537882 0.377048173320492 0.1245112461835706 0.1277190270008238
0 0.35038114201112447 0.6786656682606459 0.2215182378105831 0.2907030169548653
