0 0.7123740882869443 0.6812735999208692 0.12439085560800749 0.27880196549656183
0 0.531137949202159 0.46667336635102097 0.09273583500525298 0.19201073529933807
0 0.4127660059622808 0.33856713273799516 0.07713124738417672 0.1141364123141576
0 0.3294806386649454 0.2703140765352145 0.07600376103439756 0.0929494119493517
0 0.2796503582516644 0.23239608537898104 0.07298374403965265 0.07482930998088498
0 0.18187730804681948 0.1505200690770258 0.039511889014570374 0.03523353160534987
0 0.15947884866913303 0.1480033882480722 0.0445452506724777 0.03422685927376854
0 0.14488209986120243 0.12384325229011824 0.03246518269350061 0.030871284835163725
0 0.1433720913638302 0.08693193346546618 0.016861761553988587 0.016106757305302845
0 0.03045183803033791 0.14766783080421206 0.0135900764763491 0.013422297754418704
