0 0.7820170840014805 0.637658813371161 0.1884945109164918 0.2220303441470329
0 0.9358193536449976 0.8704822992475633 0.1283612927100028 0.25903540150487336
0 0.20323485876403125 0.49580609349944466 0.0901998273097321 0.16035524855063554
0 0.3622409645984954 0.42719254964845205 0.1052331318613542 0.14339459726162562
0 0.49291507339336427 0.34393117059331446 0.11217158011594863 0.11255704946342687
0 0.6756275440976944 0.27454668804736654 0.08673060318243422 0.07863574688540757
0 0.9722462069816211 0.6038916961794145 0.0555075860367578 0.11440729762588225
0 0.9751372270877015 0.5360490910233764 0.04972554582459592 0.08048599504786302
0 0.3084679906253856 0.31771925496484527 0.0763229308005425 0.09713827556432712
0 0.48308560503268827 0.25604415936844704 0.08788701122486685 0.06938448254594803
0 0.5657687800666094 0.227519427655113 0.07747933884297521 0.06167509559639815
0 0.014740347847539295 0.33791784641994754 0.02775379301837917 0.05735783419921393
0 0.1795284938941655 0.24293820155421247 0.0381614654002715 0.05550758603675846
0 0.2506475885037623 0.2074750215862835 0.03931787344270386 0.05242383125693845
0 0.30442056247687177 0.21441346984087828 0.04741272973973118 0.06013321820648814
0 0.3790088812137661 0.18820155421240908 0.05319476995189347 0.0570494634266683
0 0.38637332284660486 0.16256116308036217 0.045315722451605416 0.03452626472503269
0 0.4705310931138722 0.14457873353607428 0.04207888513363339 0.03596485908857565
0 0.39041936949407 0.12875419553710096 0.03398679183870358 0.02877188727086047
0 0.43303772751403186 0.1186840349922998 0.030749954520732176 0.031649075997946634
0 0.4751166126476655 0.11185071176547039 0.03830257492933328 0.030929778816175105
0 0.5107218231453555 0.10681563149306983 0.03398679183870361 0.023736806998459925
0 0.5007415747482766 0.13055243849152975 0.01942102390782931 0.02949118445263217
0 0.334583925759056 0.09962265967535465 0.03236837317971805 0.01942102390783086
0 0.23828801554939485 0.13127173567330128 0.021039442566816304 0.022298212634916822
0 0.936915383906431 0.3189073292721196 0.04881752308058114 0.041712625355239445
0 0.9437051450391212 0.3112294559237652 0.056552693991230155 0.05844351354717586
0 0.9516122086366775 0.30618727044126354 0.05380241100078081 0.05752675255035761
0 0.9521278866973895 0.29805101659449984 0.05345862562697143 0.04767157183455936
0 0.9504949061718081 0.2848725772652348 0.047786166959153595 0.029107161648985715
0 0.9549641160312966 0.2785698454121078 0.03437853738068606 0.028877971399781224
0 0.958917647830078 0.27765308441528946 0.046411025463925254 0.029336351898190373
0 0.9582300770824622 0.2660789768304565 0.0330033958854591 0.024523356664893466
0 0.9639884820937346 0.26768330857488887 0.04348884978655736 0.03414934713148705
0 0.7851341413706757 0.23192962969896896 0.04984887920200336 0.0515678060710381
0 0.794244453776559 0.2255123027212397 0.059474869668597 0.044692098594899955
0 0.8120353468710673 0.21955335624191982 0.05586512324362422 0.04056667410921679
0 0.8327484156429352 0.21542793175623673 0.04950509382819386 0.037358010620352294
0 0.855094464940386 0.21107331702134896 0.04194181560443985 0.03139906414103259
0 0.8654080261545931 0.20568734616504067 0.034722322754495924 0.0371288203711478
0 0.8717680555700216 0.20339544367299456 0.03094068364261853 0.03392015688228319
0 0.8434057622309561 0.18494562861202177 0.026471473783125806 0.0217730736744387
0 0.8275916350358318 0.18391427249060258 0.02578390303551667 0.024752546914098582
0 0.8202002494989827 0.1857477944842389 0.022002263923644308 0.02841959090137192
0 0.8016358393134084 0.1852894139858302 0.04572345471632157 0.027961210402962126
0 0.585018399019157 0.14743596616999366 0.044144286780750726 0.03099492476095461
0 0.570577581800985 0.12896424333265732 0.02136771328217064 0.02567256394341726
0 0.5887753595962426 0.12575517283973026 0.03005568461668389 0.021445983294195833
0 0.6358547718278439 0.14000031502784538 0.023481003606785136 0.02207214339037658
0 0.6688455818953752 0.14399208564099855 0.03381264519376868 0.02629872403959762
0 0.6826406715143607 0.13992204501582278 0.03533891042820862 0.02567256394341672
0 0.6333305639401143 0.12598998287579796 0.04073954125777204 0.024107163702964226
0 0.6490041338476428 0.12254610234680298 0.028177204328141515 0.02160252331824074
0 0.6651473238273071 0.12223302229871248 0.026650939093699498 0.019724043029698053
0 0.7053585425039235 0.1424266854005464 0.02582910396746262 0.026924884135778406
0 0.7283112235295545 0.14336592554481772 0.03299081006753094 0.022541763462512292
0 0.6980794313858211 0.12418977259927777 0.03639555559051494 0.02207214339037654
0 0.7191536321229076 0.12536382277961702 0.026416129057634987 0.020350203125878815
0 0.7565471303667153 0.1470446161098806 0.022776573498585428 0.020193663101834236
0 0.7633566214126796 0.14195706532841065 0.02230695342644424 0.02473332379914538
0 0.588423144542141 0.10078703900451674 0.02935125450847786 0.01941096298160778
0 0.6069731373914995 0.10102184904058456 0.01854999284935637 0.015497462380477126
0 0.6120215531669593 0.09812585859574796 0.014558222236205936 0.01534092235643195
0 0.6210030370465528 0.09836066863181578 0.013501577073898324 0.016123622476658106
0 0.6495911589378132 0.10149146911272001 0.022072143390377018 0.02081982319801428
0 0.659805395506764 0.10227416923294612 0.01878480288542744 0.01862826286138115
0 0.6680237467691381 0.10266551929305942 0.019958853065766106 0.017532482693065107
0 0.6763008005405292 0.10336994940126282 0.023128788552681686 0.018941342909471887
0 0.6837560191856831 0.10305686935317246 0.013853792128001854 0.016123622476658092
