0 0.9896398560307866 0.364938811093958 0.020720287938426764 0.07204015722052112
0 0.9547563332990049 0.33363981074814913 0.08576625513753797 0.11225674984362759
0 0.8763339776839476 0.28468048059828044 0.07002932758936595 0.10316430281579482
0 0.8064048443388012 0.24619404354583452 0.05015982188703177 0.07571744541994782
0 0.7309859692872287 0.2122764496984131 0.04550212414037844 0.0718957447047454
0 0.645266416526712 0.17871714029304195 0.05141381743420759 0.06449119956904074
0 0.492547673102803 0.14575497162442105 0.0695071817577439 0.05684779813863588
0 0.4362970157009174 0.1342898694788138 0.06807404398954298 0.058758648496237104
0 0.3846144849351723 0.12652703990105893 0.06574519511621651 0.053264953718133654
0 0.3383957919106932 0.12796017766925982 0.05714636850701115 0.04609926487712911
0 0.30946432321513734 0.12891560284806045 0.06341634624289007 0.05183181594993273
0 0.25805050578093 0.12784074952190974 0.059833501822387836 0.04586040858242896
0 0.18791632624959806 0.1402612768463176 0.05284695520240838 0.03773929456262385
0 0.17259966635195093 0.13667843242581534 0.058758648496237104 0.03917243233082475
0 0.012629526582270479 0.26613854415329663 0.025259053164540957 0.0367838693838232
0 0.13928307684702548 0.26207798714339453 0.09333309715408394 0.10318591931046515
0 0.1676771188795059 0.26792996636354827 0.09387052381715925 0.08670483497615473
0 0.20377427641606619 0.2743790863204524 0.10121535487918897 0.09434823640655968
0 0.2921809624919596 0.28739675438161055 0.12360813250732808 0.12038357252887603
0 0.33204010667004724 0.3159400815982785 0.13847693685241255 0.11918929105537526
0 0.4073694106111073 0.3572622205814047 0.14044750128368874 0.15788401079679976
0 0.603792585987408 0.41077319628307946 0.11271628546900132 0.1864153951987329
0 0.7085970552648352 0.45499266212091855 0.10512961240858772 0.20780258782618438
0 0.8160785363221507 0.5179114707019479 0.09537531847377025 0.21586613747896674
0 0.9034324900453075 0.5770441681556856 0.09680594825087681 0.23176202389126188
0 0.912254341001347 0.8561252797746371 0.12096228702221352 0.28774944045072604
0 0.7972441665151467 0.8031322778410959 0.15129886059286377 0.3230781084064202
0 0.6442172732505369 0.7575634162750555 0.1562909549779077 0.3261501664895239
0 0.380020278103607 0.6101046282860715 0.1985317536205854 0.3025977211857278
0 0.27633831779885254 0.5573676311927888 0.18624352128817004 0.24422861760675482
0 0.16377909655547326 0.4501016031244133 0.13785860647928466 0.1617950590434687
0 0.04758913101532132 0.20480234166917213 0.04749060279375751 0.05412483637905421
