0 0.35730039750470366 0.053745399948303296 0.03802153869126855 0.02723528658027037
0 0.3290370462701038 0.06803718399537592 0.04641459111513908 0.02939253700247004
0 0.2674435490616156 0.09958925675721166 0.04959722648215948 0.034545331878120936
0 0.23316964479110847 0.12209307295210198 0.04234270678775412 0.0349401356710138
0 0.19963599763227524 0.1457813005256706 0.0433790667440977 0.038098566014156295
0 0.1309401376689259 0.19217074619057553 0.03864142122938383 0.05191669876540499
0 0.09696233624308828 0.22543296574179525 0.04056608971973629 0.0461920437684591
0 0.22052259356769088 0.2142797585925735 0.08098412801713792 0.09139707805468568
0 0.2664925602026471 0.2158589737641437 0.1092619496830852 0.1150853056282545
0 0.31875471228683355 0.2653081488239691 0.1240670919165659 0.11528270752470099
0 0.3661311674339717 0.2894898811386525 0.10630092123639083 0.12456059665768197
0 0.2880887471529133 0.47658150614394434 0.17666110126391363 0.19364079811341997
0 0.43418639408773446 0.31213133580583974 0.12203705522893898 0.15491263849072892
0 0.5198074186266854 0.3677669382488718 0.12333762775357697 0.14999936450874815
0 0.6149659750130175 0.4141540249611154 0.11293304755644115 0.19421883034658777
0 0.40400064769600574 0.5561831920227374 0.19214788536318217 0.26350610905661526
0 0.6430069396676882 0.75356080811968 0.16756680453293873 0.33327175568217415
0 0.4074903377183691 0.11034969447066509 0.06581685200462638 0.04545435288143869
0 0.4731101332798678 0.08144808281194683 0.050052336554416106 0.04177596594305636
0 0.4896628745025865 0.14595313887652714 0.08788717363491914 0.05859144908994693
0 0.5883881525095286 0.15081386447367495 0.06542273911837142 0.066736448739222
0 0.6262229895900326 0.12243773666329737 0.04453475614684315 0.053073868682373515
0 0.6422830897049338 0.17787628266320218 0.055372860518862005 0.06305806180083993
0 0.667604842646833 0.13859636499976258 0.044534756146844455 0.05754048139326634
0 0.6958824422356475 0.20559555566315443 0.056161086291372564 0.06805015836007303
0 0.7156866147699741 0.15580596103290809 0.043746530374332716 0.06568548104254134
0 0.7189380460815797 0.12611612360167967 0.0013793951018935503 0.0010509676966806404
0 0.7543096776229836 0.23160700615600135 0.050446449440669276 0.06857564220841336
0 0.761797822461835 0.17984684709447843 0.03980540151178267 0.05911693293828733
0 0.8143133645553502 0.20428184604230373 0.04276124815869475 0.06910112605675335
0 0.8118501590162543 0.26458111763935693 0.048081772123139646 0.080924512644411
0 0.8571340787324742 0.23278934481476704 0.04138185305680073 0.06043064255913824
0 0.8669869008888575 0.29755522912271176 0.05084056232692947 0.0832891899619429
0 0.9005850244421149 0.26300466609433576 0.04394358681746176 0.06673644873922192
0 0.9925118551611503 0.26050861781471957 0.014976289677699412 0.04335241748807743
0 0.9782252630343978 0.24855386026497697 0.023843829618442513 0.046768062502289424
0 0.9546770180806476 0.23489128020812838 0.031923143786675184 0.04098774017054585
0 0.9925118551611506 0.393324660482738 0.014976289677699086 0.06253257795249921
0 0.9791120170284732 0.322778453843049 0.02758790203786781 0.06279531987666964
0 0.9644313120154657 0.3688896615349126 0.04394358681746125 0.08565386727947398
0 0.9196994994254948 0.3313175663785791 0.0549787476326084 0.09773999579130185
0 0.9437403854870655 0.29755522912271226 0.04985528011129036 0.06805015836007254
0 0.07233934685867564 0.48991622123869755 0.07803834053733194 0.17037069616389006
