0 0.6349693251533742 0.2969325153374233 0.15644171779141103 0.10306748466257666
0 0.24248466209472322 0.3822085895543356 0.15736196222625656 0.11901840371341502
0 0.26088957055214723 0.3134969325153374 0.13343558282208587 0.08466257668711656
0 0.3151840489685322 0.1723926384043668 0.09478527585117473 0.0846625759520022
0 0.5820552147239263 0.20245398773006135 0.14263803680981596 0.08343558282208591
0 0.9851226993865029 0.27423312883435585 0.028527607361963164 0.06993865030674844
0 0.5654907975460123 0.14846625766871166 0.10950920245398776 0.06625766871165645
0 0.5217791411042945 0.10245398773006135 0.0920245398773006 0.04539877300613497
0 0.33043422961681573 0.12095597636393053 0.07783776298081445 0.03828897079407458
0 0.49983638460354535 0.056555063312123205 0.07569701761882598 0.0408986653662318
0 0.30591909283088237 0.05464152263666164 0.03231880371502733 0.024517006391546515
0 0.5831997848276613 0.06579757450380704 0.037778511923783946 0.034630302787362816
0 0.34732020180162254 0.09255735362819262 0.059028924795305554 0.021407824798996156
0 0.300805409411158 0.0418711838801742 0.023611569857241114 0.015741046571494065
