0 0.875 0.33974358974358976 0.05769230769230774 0.0783475783475783
0 0.97008547008547 0.6695156695156694 0.0598290598290599 0.1566951566951566
0 0.8830128205128206 0.6417378917378918 0.0865384615384616 0.18660968660968671
0 0.9332264957264956 0.3561253561253561 0.04380341880341874 0.05982905982905983
0 0.7943376068376068 0.6182336182336182 0.0908119658119658 0.19088319088319097
0 0.7067307692307694 0.6054131054131053 0.10790598290598283 0.19658119658119652
0 0.5924145299145299 0.5698005698005698 0.13782051282051286 0.22222222222222215
0 0.48664529914529914 0.5413105413105412 0.14636752136752137 0.20512820512820518
0 0.3643162393162393 0.5206552706552706 0.1858974358974359 0.16951566951566954
0 0.2831196581196581 0.48717948717948717 0.17735042735042736 0.14529914529914528
0 0.22596153846153846 0.45370370370370366 0.13141025641025642 0.09829059829059822
0 0.16025641025641024 0.4437321937321937 0.11965811965811966 0.10113960113960112
0 0.12339743589743592 0.42663817663817666 0.12072649572649574 0.103988603988604
0 0.06410256410256411 0.42521367521367526 0.09188034188034187 0.08119658119658112
0 0.027243589743589744 0.42236467236467234 0.050213675213675216 0.08974358974358979
0 0.059294871794871785 0.9059829059829059 0.11858974358974357 0.18803418803418792
0 0.014423076923076922 0.7685185185185185 0.026709401709401708 0.1552706552706553
