0 0.39643188422243597 0.11670765772997661 0.009556046350700953 0.0095111822833268
0 0.3928651908661884 0.12056596752415637 0.005922056893392167 0.011485201247790879
0 0.41843770926947277 0.14640767033168584 0.019381277105647143 0.010767376169803935
0 0.40888166291877176 0.1517913584165878 0.027995178041490192 0.015792151715712438
0 0.3430660760808452 0.14111371038153223 0.02422659638205893 0.015612695446215685
0 0.3318949233046735 0.1433569137502414 0.02422659638205886 0.015074326637725477
0 0.32233887695397256 0.14892005810464007 0.03391723493488243 0.016868889332692837
0 0.3905098273290438 0.1600463468134375 0.034590195945495165 0.019740189644640596
0 0.37980974726030114 0.16677595691956493 0.02880273125422555 0.017766170680176482
0 0.36480271672363684 0.1745823046426728 0.04185817486011281 0.019381277105647108
0 0.3489881329742373 0.1826578367700258 0.04710727074289231 0.022970402495581757
0 0.2715303206527102 0.1770049642808787 0.023822819775691215 0.01668943306319612
0 0.2541006304778401 0.18499076827348332 0.03553234136035304 0.019740189644640544
0 0.3287320065547937 0.19907808542897676 0.03916633081766186 0.025303333999039276
0 0.30464000237485733 0.20993518973352912 0.04751104734925992 0.027277352963503355
0 0.20517636500629344 0.21119138362000622 0.03028324547757357 0.024047140112562104
0 0.18391079707093064 0.22438141942801612 0.03432101154125007 0.026021159077026224
0 0.22253875908010226 0.26152886721383967 0.05316391983840695 0.033199409856895484
0 0.20261911316596493 0.28153824126272525 0.05450984185963243 0.03876255421129418
0 0.1680962133215311 0.30280380919808814 0.04979911478534325 0.04253113587072559
0 0.09831015652098926 0.2914083360850456 0.03916633081766186 0.03517342882135953
0 0.13761107954077367 0.3269406774453987 0.05370228864689716 0.044505154835189596
0 0.07786158892789478 0.3818542959113986 0.05827842351906383 0.0527601432320393
0 0.12167135071878458 0.4060808922934575 0.07214142033768647 0.09511182283326818
0 0.15114704298362286 0.4147845213640492 0.08910003780512764 0.11359581859143164
0 0.29028253948102095 0.42838326882583777 0.10838104372019344 0.15239031601869626
0 0.4393826100402227 0.4550276884996397 0.11212511613961837 0.1791899922840532
0 0.5252499551330853 0.4878704290209103 0.12008619644197431 0.20260029772761506
0 0.6368824301648843 0.49422878358582845 0.08627131080127398 0.1841032662660352
0 0.7380019439558247 0.5170610567962158 0.08301987948966812 0.17832294393429174
0 0.8847270057096392 0.5497424905915289 0.09468384741483547 0.1951379015973339
0 0.974820915922924 0.5833146026942951 0.05035816815414962 0.1545715994731568
0 0.943166925462579 0.8434513656209471 0.11366614907484171 0.1428507008643284
0 0.7749717454126441 0.8311631332885319 0.2188841384211483 0.1602590300019169
0 0.03738796449061374 0.6754087493847473 0.07252702886149132 0.12293987321224364
