0 0.7755681818181815 0.9081818181818181 0.25295454545454577 0.1836363636363631
0 0.7790454545454506 0.3120151515151485 0.069818181818179 0.04960606060605884
0 0.9356818181818164 0.4626666666666659 0.12863636363636316 0.11648484848484716
0 0.9160227272727226 0.6037424242424221 0.1643181818181811 0.17718181818181855
0 0.8443636363636334 0.6848484848484823 0.20536363636363494 0.3030303030303001
0 0.9620535714285707 0.9567669172932328 0.07589285714285589 0.08646616541353291
0 0.975499999999994 0.7591666666666572 0.048999999999995957 0.12166666666667031
0 0.985624999999997 0.6779999999999953 0.028749999999997895 0.04733333333333459
0 0.992749999999997 0.6319999999999989 0.014000000000000035 0.048666666666665054
0 0.991875 0.3811666666666666 0.009249999999999972 0.017666666666666657
0 0.9896250000000001 0.3041666666666666 0.009249999999999972 0.011666666666666643
0 0.9948749999999985 0.31366666666666626 0.010250000000002974 0.012000000000000755
0 0.9921249999999969 0.3261666666666649 0.015750000000005666 0.015666666666669573
0 0.983625 0.3158333333333333 0.017249999999999942 0.013666666666666707
0 0.9688749999999999 0.31016666666666665 0.016749999999999973 0.014333333333333372
0 0.9577499999999987 0.29949999999999977 0.02399999999999989 0.014999999999999649
0 0.9746249999999997 0.3009999999999997 0.02424999999999946 0.020666666666666153
0 0.9214999999999987 0.2798333333333321 0.03549999999999687 0.02166666666666457
0 0.9289999999999986 0.2724999999999994 0.014500000000002232 0.009000000000000922
0 0.8874999999999994 0.26899999999999963 0.012499999999999019 0.016000000000000625
0 0.8966249999999993 0.2598333333333332 0.021749999999999953 0.014333333333333198
0 0.9079999999999999 0.2675 0.019499999999999885 0.016333333333333363
0 0.9222499999999972 0.26366666666666644 0.01300000000000009 0.012000000000000304
0 0.88125 0.2578333333333333 0.02 0.0143333333333333
0 0.8649999999999978 0.2368333333333325 0.029500000000003725 0.030333333333334763
0 0.8864999999999985 0.2469999999999991 0.023500000000002724 0.01266666666666815
0 0.33312499999999995 0.13266666666666665 0.011749999999999972 0.01
0 0.48574999999999996 0.14816666666666664 0.0225 0.014333333333333335
0 0.5414999999999999 0.145 0.011000000000000015 0.010000000000000018
0 0.76225 0.19799999999999998 0.0125 0.011999999999999993
