0 0.03383439422857 0.8459314760595191 0.06766878845714 0.11190704034255716
0 0.12995948192469217 0.7009541567482307 0.14503414710521204 0.28012430454748466
0 0.25436513983550874 0.6952416520482444 0.11075911890529326 0.2593900282290152
0 0.38876768097130143 0.6886828503556675 0.11932787595527287 0.2911261654511623
0 0.5368167611126173 0.6478490204631713 0.1221841283052661 0.284778938006733
0 0.6739168739122928 0.6156897347447291 0.15455498827185635 0.27885485905859864
0 0.76611035254263 0.5581415392485691 0.15042929043297704 0.2517733552957
0 0.8454450117281435 0.5344452234560327 0.12884871712191712 0.2179214755920765
0 0.9315443651654514 0.4795618143580299 0.0980935150502728 0.14058321943033747
0 0.9815091101308978 0.46522372481413965 0.03698177973820435 0.08183202325049485
0 0.9778371603696576 0.25434889566863367 0.04432567926068486 0.06574538620125228
0 0.8376473641280245 0.1674460846526167 0.05507924641860228 0.05070787765522118
0 0.8591544984438596 0.1690197774074339 0.03881775461882441 0.04895933014986872
0 0.7744373718095329 0.14244185532607662 0.041440575876853104 0.04546223513916383
0 0.7488648645437536 0.13439853680145533 0.04485024351229043 0.056652939173419556
0 0.7293248461714399 0.13824534131323074 0.03934231887043012 0.0496587491520097
0 0.9840679865731314 0.30882120824240294 0.03186402685373707 0.039017175739269695
0 0.9795159827368833 0.3370002796096533 0.04096803452623334 0.0907510606083753
0 0.9617414915667716 0.3355551990267173 0.06481186414467573 0.09826547963964213
0 0.9454843350087426 0.334977166793543 0.06351129162003318 0.09190712507472401
0 0.915571166941969 0.3319424975693775 0.07131472676788732 0.11300530158558839
0 0.8838155211319525 0.3302084008698544 0.07586673060413532 0.11127120488606533
0 0.8428474866057192 0.3309309411613225 0.08540426245151252 0.11734054333439614
0 0.8082739336589776 0.3414800294167546 0.10903132998251465 0.12919020411447066
0 0.7493146458751926 0.35000600485607647 0.11206599920668012 0.16647328315421714
0 0.6747484877956993 0.35000600485607647 0.10296199153418378 0.15606870295707861
0 0.5993152813664446 0.3617111575778573 0.11249952338156077 0.20606849112666115
0 0.48887499781556754 0.37861860039820755 0.08670483497615479 0.18554834684897123
0 0.3764838554777268 0.3881994846630726 0.08846060788442195 0.2130048779247536
0 0.2727631966375017 0.4295287893350397 0.09084499084626618 0.1907506369475405
0 0.18716384830729285 0.44494779915496463 0.0956137567699546 0.19424773195824532
