0 0.09511363636363639 0.7722727272727272 0.18613636363636366 0.2936363636363636
0 0.06477272727272727 0.5695454545454546 0.12954545454545455 0.20090909090909087
0 0.3547272727272711 0.3484848484848455 0.12059090909091097 0.10848484848484502
0 0.49090909090909113 0.40590909090909094 0.1104545454545451 0.1463636363636362
0 0.25801136363636157 0.3018636363636321 0.10624999999999893 0.08681818181818163
0 0.1804772727272722 0.2846212121212109 0.08336363636363549 0.08378787878788026
0 0.2270227272727263 0.2123181818181804 0.06399999999999947 0.04809090909090864
0 0.31153409090908984 0.22542424242424153 0.07374999999999962 0.05642424242424159
0 0.5655681818181821 0.45045454545454533 0.10704545454545421 0.15909090909090873
0 0.44045454545454227 0.27107575757575714 0.08454545454545412 0.07566666666666556
0 0.4927159090909081 0.29318181818181666 0.08638636363636236 0.08454545454545434
0 0.6190909090909091 0.33909090909090905 0.07909090909090906 0.12363636363636361
0 0.6893181818181824 0.3795454545454545 0.05590909090909084 0.11181818181818196
0 0.765340909090909 0.4268181818181824 0.06204545454545499 0.10454545454545448
0 0.8831903791345597 0.48382104633522066 0.07043742354906131 0.14764209267043776
0 0.9483619241730875 0.5333075961444923 0.0682761516538246 0.1315666258928329
0 0.5820428699604472 0.20826699823865294 0.05457291479096629 0.05858779724021153
0 0.6415604606615293 0.19599427096592564 0.03508318793425667 0.04561693707790275
0 0.28757954545454434 0.1441515151515145 0.04988636363636382 0.03381818181818117
0 0.4356818181818173 0.16721212121212056 0.0539090909090919 0.03563636363636332
0 0.5027632939255268 0.185499127605541 0.057799315123780115 0.043547199334372164
0 0.42269318181818055 0.13599999999999957 0.04429545454545551 0.03527272727272682
0 0.3298068181818178 0.14815151515151476 0.047340909090910044 0.030969696969696262
0 0.7180458907426878 0.2637215436931984 0.04221183041396972 0.05693200704538698
0 0.8455960456625538 0.32716924038554945 0.05631388504262543 0.06622192142033684
0 0.9167045454545455 0.37865467046670476 0.04704545454545472 0.060945704569774856
0 0.9577825968171575 0.4100183068303413 0.046019739088859965 0.07458206820613789
0 0.8963276151653825 0.3233887919561704 0.040126962887531814 0.06181021332786876
0 0.9549472604951224 0.36724009785719963 0.03898543008115464 0.06733798610378008
0 0.5848113330559891 0.13198455768669537 0.03953350180998545 0.050251555925348586
0 0.6238301997503894 0.1357833129464165 0.024234993883924666 0.03124184264611833
0 0.46515224214689754 0.1121875472158922 0.031734993883925214 0.022556912613602757
0 0.4458893844186005 0.10640423426947562 0.03479421115050515 0.025446576964232744
0 0.432134215248586 0.0967186791761615 0.04626332652389583 0.03698455768669551
0 0.7607371422717029 0.24909090909090903 0.032383375452496393 0.047272727272727286
0 0.8049030819429872 0.3059273977394323 0.030837048512583926 0.06161120804382871
0 0.9273807908674891 0.35153001223214986 0.031579763553159494 0.05693997553569965
0 0.8262525845850078 0.27925728495942265 0.03325983694606086 0.04512179371751808
0 0.8376440847930162 0.25022926484985086 0.026651805949668015 0.03772328848211635
0 0.8095952058664652 0.23334819405033183 0.02782677536929241 0.040162391623357434
0 0.6681818181818183 0.165 0.027272727272727195 0.028181818181818148
0 0.727283872810476 0.1923762141599037 0.029068618015410667 0.03276388638795579
0 0.7050913452881384 0.166485430081154 0.019772727272727872 0.024618681866820723
0 0.6758812270647185 0.15322640033281368 0.023580635947618958 0.028092653879826558
0 0.6473636689620055 0.12789763284094233 0.018175034616364393 0.019415692337623382
0 0.297579545454545 0.10040909090909077 0.026886363636364388 0.024757575757575766
0 0.016363636363636306 0.48483333333333184 0.03272727272727261 0.07215151515151251
0 0.0055 0.38399999999999834 0.011 0.04066666666666659
0 0.37349999999999944 0.15499999999999975 0.05449999999999906 0.03133333333333324
0 0.3028749999999991 0.14533333333333295 0.03574999999999838 0.02600000000000073
0 0.19487499999999996 0.09050000000000001 0.013250000000000029 0.012333333333333325
0 0.15537499999999999 0.08583333333333332 0.009750000000000014 0.008999999999999985
0 0.21612499999999998 0.06649999999999999 0.00875 0.009000000000000003
0 0.32675 0.046 0.015000000000000036 0.011333333333333329
0 0.36625 0.03683333333333333 0.016999999999999956 0.007666666666666671
0 0.2852835895151226 0.04708653366531924 0.01008997149971119 0.007244082102356799
0 0.3091890604529 0.04242962374237558 0.007295825545945078 0.008278950974122066
0 0.34706526115950853 0.035185541640018775 0.009158589515122557 0.00869289852282816
0 0.33751859581747395 0.0348750809784892 0.008692898522828117 0.007244082102356813
0 0.3327840707291479 0.03332277767084131 0.006985364884415475 0.00662316077929765
0 0.2939764880379508 0.04501679592178873 0.005743522238297168 0.008899872297181206
0 0.28256705872673876 0.04108429420908074 0.010245201830476064 0.0068301345536507
0 0.29188087857262607 0.03942850401425632 0.008382437861298619 0.007244082102356813
0 0.5367567253540803 0.1565756602980834 0.04299880162184679 0.04781094187555465
0 0.5310908182811656 0.11973432846324028 0.026699616891543657 0.03125303992731063
0 0.5265115235236045 0.11228327258653038 0.029028071853015803 0.027113564440249573
0 0.5690446341531564 0.10390083472523189 0.014125960099595738 0.01697184949695026
0 0.6059118377097942 0.11331814145829572 0.01831717903024512 0.019662508563539825
0 0.5821615971027808 0.10048576744840654 0.01893810035330384 0.018006718368715487
0 0.5734686985799532 0.06157469787003281 0.010555662492006028 0.006416187004944641
0 0.6562064648775852 0.1223215006426535 0.016764875722597307 0.02111132498401125
0 0.6444089597394612 0.10793682332511613 0.019559021676363742 0.014281190430360365
0 0.6583020743429097 0.10586708558158582 0.012573656791948058 0.01469513797906653
0 0.6316800726167485 0.09800208215616994 0.011487044476594406 0.014281190430360571
0 0.6824403907768345 0.11849248581712192 0.01397072976883088 0.013039347784242023
0 0.6852345367306008 0.13453295332948348 0.02390547093777751 0.034357646542606424
0 0.7164358332143241 0.12242498752983 0.012728887122714624 0.009313819845887332
0 0.7337440150945972 0.13215275492442335 0.011642274807358709 0.02338803650189474
0 0.8015020544734278 0.21038884162987692 0.02669961689154397 0.031253039927310815
0 0.8126010231231117 0.21225160559905448 0.04113603765267249 0.03539251541437186
0 0.8156280145730237 0.19910877092763557 0.017075336384127126 0.020283429886598914
0 0.7940509985967178 0.1868973182408055 0.020179942999423023 0.02028342988659884
0 0.7778294290317976 0.1815160001076261 0.010089971499712101 0.02111132498401101
0 0.7828744147816531 0.16381974240044034 0.014281190430361095 0.019662508563539807
0 0.8093411861770499 0.18327527718962713 0.022818858622424828 0.020490403660951985
0 0.8145414022576695 0.17872185415386002 0.014902111753419666 0.024215931599306927
0 0.830685356657208 0.18689731824080558 0.017696257707186074 0.027320538214602907
0 0.8461307745683041 0.1983843627174 0.013505038776536506 0.018420665917421506
