0 0.8959888059701488 0.8936567164179106 0.20802238805970158 0.21268656716417872
0 0.12313432835820891 0.683768656716418 0.1819029850746268 0.16231343283582067
0 0.21968283582089548 0.466417910447761 0.16511194029850734 0.13805970149253755
0 0.29384328358208955 0.33302238805970147 0.1259328358208955 0.10634328358208954
0 0.30013992537313433 0.2919776119402985 0.10774253731343286 0.08022388059701491
0 0.06016791044776123 0.4645522388059702 0.10634328358208962 0.14552238805970164
0 0.16091417910447764 0.29850746268656714 0.06996268656716417 0.11940298507462685
0 0.185401119402985 0.21082089552238809 0.0769589552238806 0.055970149253731366
0 0.1203358208955224 0.18376865671641793 0.044776119402985086 0.03917910447761194
0 0.4533582089552239 0.2210820895522388 0.07835820895522388 0.07649253731343286
0 0.7416044776119399 0.39645522388059695 0.1091417910447761 0.1473880597014927
0 0.8276585820895518 0.4104477611940301 0.07136194029850713 0.10447761194029835
0 0.7765858208955221 0.5177238805970146 0.12873134328358157 0.18097014925373117
0 0.9820429104477614 0.4533582089552239 0.03591417910447737 0.11567164179104465
0 0.987210228027258 0.17863160265316733 0.014616882254562282 0.019895200846487455
0 0.8290129294596522 0.11244960800056619 0.009440069789404789 0.011774710705063996
0 0.8178174785253205 0.10755846345007533 0.007983541226306415 0.010331641586984776
0 0.7770192347585341 0.09033906080510068 0.010449046605018567 0.01158396177934657
0 0.7678029408428716 0.08556459007172137 0.009627211478781277 0.010801261659120449
0 0.7629893351034811 0.08986944073296503 0.02042847313790162 0.014088602164070192
0 0.7566494641296495 0.08141627943452294 0.012914551983731003 0.012523201923617914
0 0.7470222526508682 0.07805066891755062 0.010566451623052728 0.011427421755301329
0 0.7301746325630009 0.0700671276912442 0.011857906821425814 0.01236666189957269
0 0.7191972633768295 0.06623189710213621 0.012914551983731143 0.013462442067889269
0 0.7126812848759471 0.07233695803989994 0.020311068119867742 0.012836281971708371
0 0.6981230626397413 0.06200531645291517 0.01984144804773223 0.013149362019798811
0 0.6791034497182487 0.07335446819619362 0.02031106811986614 0.011427421755301325
0 0.6765792418305173 0.0688148074988824 0.026298724039597658 0.01267974194766313
0 0.6620210195943116 0.06286628658516388 0.022072143390376622 0.013932062140024933
0 0.6706502884198045 0.05003000461345552 0.012562336929629225 0.009235861418668216
0 0.6672455428968211 0.043690133639623936 0.01678891757885019 0.010644721635075224
0 0.6478737149212245 0.055039285382902696 0.021719928336274848 0.012679741947663139
0 0.6739963314337714 0.00986202151484911 0.01620189248868087 0.01064472163507523
0 0.6396553636588503 0.04977972764638121 0.02054587815593557 0.010331641586984776
0 0.6246862238595257 0.04187445643209741 0.016201892488680657 0.009862021514849108
0 0.6231012561160677 0.03772614579489897 0.01209271685749357 0.006887761057989854
0 0.6201661306652199 0.03506496538613016 0.01397119714603626 0.008766241346532543
0 0.6186398654307788 0.060815799341569506 0.025946508985495883 0.01612362247665807
0 0.6064884460642683 0.05455419837976054 0.020193663101833792 0.0123666618995727
0 0.5909322811747743 0.0543193883436927 0.02618131902156378 0.015967082452612847
0 0.6010878152347081 0.0478229773458159 0.017845562741155518 0.010175101562939562
0 0.592106331355113 0.03968289609546425 0.020311068119868318 0.011114341707210927
0 0.5956284818961308 0.03209070492927091 0.01584967743457895 0.012523201923617909
0 0.579837506970569 0.030838384736909114 0.018080372777223276 0.013149362019798811
0 0.5692710553475163 0.0339691852178136 0.01385379212800217 0.010331641586984781
0 0.5568848259449385 0.0334212951336553 0.01866739786739382 0.011740501803391782
0 0.5439702739612076 0.03295167506151969 0.018902207903461518 0.011114341707210908
0 0.5408003384742914 0.023481003606783606 0.015849677434579428 0.008766241346532542
0 0.5403894209111725 0.01573227241654501 0.009862021514849034 0.0051658207934923905
0 0.5280031915085942 0.03256032500140658 0.019841448047732087 0.011270881731256127
0 0.526829141328255 0.05345841821144399 0.021954738372342675 0.013305902043844044
0 0.5222503456249321 0.04610103708131845 0.020780688192003394 0.011740501803391803
0 0.5257137936569327 0.04414428678075315 0.022072143390376695 0.009705481490803889
0 0.49935636710831816 0.0503276177305395 0.013736387109968433 0.016749782572838958
0 0.5055788330641158 0.04179618642007479 0.016319297506714677 0.014088602164070157
0 0.49342741369760534 0.04242234651625569 0.018080372777223346 0.01346244206788926
0 0.47751903375400945 0.05831115895684594 0.014440817218171843 0.012992821995753596
0 0.4649566968243802 0.045083526925024514 0.023833218660885235 0.01408860216407015
0 0.4225147828051189 0.014714762260251051 0.014793032272273693 0.007827001202261197
0 0.4613758437743457 0.03741306574680852 0.013853792128002312 0.010331641586984781
0 0.45186603731359815 0.039291546035351226 0.011740501803391862 0.012523201923617923
0 0.44212142081678324 0.040622136239735616 0.01690632259688421 0.012366661899572686
0 0.42938297636010303 0.04195272644412002 0.02054587815593557 0.01252320192361792
0 0.41095038852877797 0.04516179693704709 0.02031106811986784 0.01299282199575357
0 0.43883408031183335 0.059641749161230315 0.021837333354308656 0.013149362019798811
0 0.42151684015182916 0.05878077902898153 0.020780688192003155 0.011740501803391833
0 0.40243852472131875 0.05972001917325292 0.020898093210037345 0.012679741947663139
0 0.36674739923900773 0.05878077902898159 0.02418543371498721 0.017375942669019855
0 0.3426793705420546 0.04884048750210987 0.02512467385925838 0.014714762260251044
0 0.35189566445771725 0.027003154147801137 0.0123275268935614 0.008922781370577759
0 0.2056090119874554 0.07279111118102914 0.021250308264139147 0.01346244206788927
0 0.16956567145104412 0.08625355324891837 0.017023727614918355 0.013149362019798761
0 0.05377149825953437 0.13955543143631716 0.01573227241654498 0.012679741947663142
