0 0.982905982905983 0.559116809116809 0.034188034188034205 0.15811965811965806
0 0.9326923076923077 0.6096866096866096 0.12179487179487182 0.29059829059829057
0 0.8322649572649573 0.6096866096866097 0.10897435897435884 0.3076923076923077
0 0.7088675213675214 0.6039886039886039 0.12499999999999994 0.3133903133903132
0 0.592948717948718 0.5811965811965812 0.13675213675213677 0.29629629629629634
0 0.46688034188034194 0.5655270655270653 0.1517094017094019 0.2507122507122512
0 0.2943376068376068 0.5263532763532763 0.16132478632478633 0.22364672364672358
0 0.22756410256410256 0.5334757834757835 0.13247863247863248 0.20085470085470086
0 0.17895299145299148 0.5299145299145299 0.09935897435897434 0.13105413105413113
0 0.1469017094017094 0.5064102564102565 0.09722222222222221 0.1495726495726496
0 0.06891025641025642 0.38319088319088324 0.04166666666666666 0.06837606837606834
0 0.018162393162393164 0.49430199430199423 0.03632478632478633 0.056980056980056946
0 0.011910907962514783 0.4395933388168518 0.023821815925029566 0.03534323689620454
0 0.030807787396140228 0.3940166724567403 0.031658831246862335 0.05855181692968095
0 0.02475950097721503 0.39677880202743504 0.028729683349654745 0.051203321748798485
0 0.015158878149315332 0.3999549479253868 0.02367672396654966 0.039846193992486005
