0 0.8503067317058239 0.6276073615037435 0.09202450635643222 0.26380368190048736
0 0.7523006190837432 0.6079754596632528 0.12423309252008143 0.3006135000567504
0 0.6234662576687116 0.5748466257668712 0.12423312883435578 0.34478527607361964
0 0.4803680793040208 0.5644171766736045 0.1417178291220193 0.32638037039538964
0 0.2806748466257669 0.48466257668711665 0.13067484662576692 0.26503067484662574
0 0.1845092024539877 0.4687116564417178 0.13343558282208587 0.22085889570552147
0 0.1205521472392638 0.44846625766871173 0.10674846625766868 0.20490797546012274
0 0.06441717791411042 0.4515337423312883 0.06809815950920244 0.14969325153374227
0 0.9611963190184047 0.2607361963190184 0.035889570552147344 0.06257668711656439
0 0.9927914110429447 0.27361963190184047 0.014417177914110511 0.05889570552147244
0 0.9105828220858893 0.222085889340829 0.04693251533742285 0.06380368052214871
0 0.8627300613496932 0.18343558282208586 0.05429447852760745 0.05521472392638037
0 0.8052147295131914 0.15398773010729427 0.05889569434784932 0.06257668720845379
0 0.7384969408955544 0.12699386507661947 0.06901838814754101 0.06012269947839236
0 0.6565951004047567 0.102453987776006 0.07269936974263333 0.06748466266857643
0 0.5866564417177913 0.08466257668711658 0.08190184049079746 0.0687116564417178
0 0.5176380368098159 0.0754601226993865 0.09478527607361961 0.06993865030674846
0 0.4582822085889571 0.06319018404907975 0.10122699386503065 0.07730061349693251
0 0.3911042944785275 0.06319018404907975 0.0920245398773006 0.08220858895705523
0 0.1826687116564417 0.09938650306748466 0.057975460122699364 0.06380368098159508
0 0.15920245398773006 0.09202453987730064 0.08098159509202453 0.10061349693251537
0 0.12039949257783263 0.10764465735846226 0.04722313971448218 0.05776053452680464
0 0.09815387864185142 0.11258812666607022 0.049564788337154365 0.062443821382849485
0 0.08351861073470401 0.12299543004801845 0.055418891235177424 0.06036236040639043
0 0.06790765545718924 0.12611762110352143 0.03590519713828397 0.04891432653621296
0 0.046247455009637506 0.1378258375616575 0.038637114311849054 0.05151615241579876
0 0.037856566547973314 0.1399072982653261 0.03902738819378691 0.043190309601124195
0 0.03180732137793634 0.13730547238574034 0.03785656654797331 0.04110884889745556
0 0.012879038103949685 0.14354985449674623 0.024196980680147893 0.044231039952958504
