0 0.2913347882385484 0.8903428867236086 0.20351616786042137 0.21931422655278282
0 0.03856584916076478 0.8643225547597191 0.07713169832152957 0.2713548904805619
0 0.07109126411562651 0.7667463098951335 0.13010165981944719 0.2533884707912092
0 0.14822296243715619 0.645937625777075 0.12638446953889182 0.22984626568102384
0 0.2457992073017418 0.5276070685127203 0.1421825282312533 0.21249937770509753
0 0.3340824764649382 0.43405777978540355 0.15983918206389258 0.1939134263023194
0 0.41400206749688445 0.35692608146387395 0.14961690879236456 0.14868761122222568
0 0.10377557348076603 0.2801082328271315 0.05650987619570886 0.07184940658357358
0 0.15074791782909788 0.23019514949252504 0.0574636293804466 0.07375691295304904
0 0.19223618136518794 0.19299877528775464 0.05698675278807773 0.06231187473619656
0 0.3152703421963515 0.12525958492888495 0.0708161739667744 0.05595352017127855
0 0.35759313976908713 0.09267301778368012 0.06008645063847517 0.05245642516057364
0 0.7300337584091596 0.28771554406254013 0.14497048408013072 0.13734045860222907
0 0.7562619709894466 0.25067812872189277 0.10729723328299144 0.10205159076693417
0 0.4859270334263784 0.28405949018771237 0.14640111385723728 0.1395658826999505
0 0.5491131819152512 0.23382848912486012 0.13495607564038495 0.12366999628765538
0 0.5829714199734394 0.19599627946359785 0.12780292675485222 0.09887241348447517
0 0.6311359558026935 0.1608663704924258 0.10491285032114732 0.1150862176250161
0 0.6660671661937119 0.15943574071531927 0.09132186743863514 0.06898814702936049
0 0.6818040937418823 0.06469625769804081 0.033619799762003966 0.040375551487229364
0 0.8000694886493591 0.12160353105405704 0.0307585402077909 0.04164722240021302
0 0.8379811777426829 0.1387710883793357 0.03457355294674159 0.05182058970408182
0 0.9221498962957849 0.240504761418024 0.0665242846354549 0.06898814702936047
0 0.9074859410804428 0.1913864724040323 0.03528886783529501 0.051502671975835954
0 0.9921315362259139 0.27547571152507305 0.01573692754817216 0.04546223513916381
0 0.5875828964441593 0.021714208609104623 0.02866275536401808 0.02258277695346881
0 0.6110342417419922 0.029965607880564384 0.02801132910574502 0.014765661854191148
0 0.6584255020313631 0.04451412764866449 0.02638276346006222 0.022582776953468806
0 0.7083410390715423 0.06535976791340492 0.022637062474991438 0.023885629470015095
0 0.7661551194932835 0.08891968425428345 0.025242767508084255 0.03061703413883752
0 0.8982960754271063 0.1572108703299175 0.036317013898727456 0.03604558629111368
0 0.9925900263121431 0.24048486034583377 0.014819947375713838 0.028445613277927072
0 0.9748386607742002 0.21540494940231789 0.022962775604128183 0.03126846039711058
0 0.9907171758196079 0.21127924976658805 0.01693708271510161 0.024319913642197228
0 0.9679986850623322 0.18989075428661997 0.024591341249811053 0.021931350695195667
0 0.7264659039203138 0.03388905585124244 0.023803910127459034 0.03218347973619085
0 0.7056096742525636 0.030477903621139255 0.02080061305530293 0.02447130947682714
0 0.6875342752071799 0.02276573336177555 0.021579245629565803 0.025954419142089392
0 0.6675679113385868 0.0159434289015692 0.021468012404671128 0.025064553342932047
0 0.6486026464940458 0.012828898604518468 0.018464715332514956 0.021801712079355086
0 0.6305828640611095 0.009714368307467745 0.02269157787851249 0.01942873661493549
