0 0.7099358974358969 0.5185185185185177 0.09722222222222122 0.136752136752137
0 0.6314102564102564 0.47008547008547014 0.10897435897435905 0.14245014245014245
0 0.5657051282051282 0.43019943019943013 0.10576923076923088 0.10256410256410256
0 0.49946581196581197 0.40598290598290604 0.1057692307692308 0.10541310541310545
0 0.4577991452991453 0.3789173789173789 0.09294871794871795 0.09401709401709404
0 0.3605769230769229 0.6773504273504273 0.1933760683760691 0.15527065527065667
0 0.30876068376068405 0.5897435897435891 0.1495726495726502 0.1339031339031328
0 0.25053418803418803 0.5356125356125356 0.139957264957265 0.12820512820512817
0 0.22435897435897437 0.4814814814814815 0.12179487179487179 0.11680911680911685
0 0.2110042735042735 0.4415954415954416 0.12072649572649573 0.09401709401709396
0 0.19604700854700854 0.4216524216524216 0.11645299145299143 0.07122507122507123
0 0.18429487179487178 0.3952991452991453 0.08653846153846154 0.06980056980056987
0 0.2938034188034188 0.3133903133903134 0.059829059829059866 0.051282051282051315
0 0.1577374146805191 0.37809565280547475 0.06414479271558347 0.05139085732184185
0 0.16012877756684563 0.359902539082049 0.05373533073980913 0.03601111169997686
0 0.19163850030432505 0.27868997988366395 0.031791059547635954 0.025882986534358294
0 0.12974440206999036 0.34733616156174457 0.027852344205450744 0.026633218028107676
0 0.04464001699777977 0.30588587153208385 0.01631753498905195 0.011253472406242648
0 0.05955086793605137 0.29632041998677755 0.008440104304682032 0.008627662178119451
0 0.05476814216339822 0.2854420633274096 0.006189409823433491 0.005626736203121422
0 0.050266753200901126 0.2751263802883538 0.01012812516561846 0.0067520834437456755
0 0.06855364586104555 0.2685618547180455 0.006752083443745631 0.007127199190620353
0 0.07938511305205416 0.27024987557898195 0.005908073013277431 0.006001851949996144
0 0.18151037513870677 0.27550149603522855 0.032916406788259814 0.030009259749980567
0 0.12566501832272736 0.34489790920705865 0.05007795220778011 0.03826180618122535
0 0.1298850704750683 0.3255794482430085 0.03319774359841626 0.018380671596862717
0 0.11905360328405946 0.3298932793320685 0.033479080408571484 0.02625810228123336
0 0.11638090358757709 0.32707991123050767 0.040512500662473805 0.0303843754968554
0 0.10498676277625638 0.295007514872716 0.02672699696482647 0.01725532435623883
0 0.11202018303015805 0.3126379549758295 0.033479080408572094 0.025507870787483497
0 0.11553689315710891 0.298008440847714 0.032635069978103885 0.009002777924994163
0 0.15548672019927057 0.26518581299617267 0.022506944812485444 0.02138159757186113
0 0.15182934166724169 0.2706249913258567 0.006752083443745591 0.013504166887491193
0 0.17025690273246416 0.267811623224296 0.028415017825762893 0.023632292053109686
0 0.17729032298636582 0.2698747598321072 0.028415017825762837 0.024007407799984434
0 0.18151037513870683 0.2751263802883538 0.03516710126950851 0.026258102281233063
0 0.1612059922194268 0.3375831521429999 0.04895260496715621 0.04088761640935043
0 0.16486337075145585 0.3428347725992474 0.048389931346843704 0.017630440103113543
0 0.09354448937689268 0.2901310101633434 0.011534809216398885 0.01275393539374284
