0 0.5328220907780304 0.33558282213183416 0.16196319996096892 0.19018404917164386
0 0.39202453289378636 0.2466257665954977 0.12515338820015703 0.12024539932434149
0 0.29631901840490793 0.19570552147239262 0.09570552147239261 0.09693251533742331
0 0.23742331288343557 0.16319018404907976 0.07914110429447849 0.07116564417177912
0 0.19509202453987726 0.14662576687116566 0.05153374233128833 0.05276073619631903
0 0.1674846625766871 0.13558282208588956 0.040490797546012286 0.04539877300613497
0 0.13205521472392637 0.1147239263803681 0.034049079754601246 0.023312883435582812
0 0.7288375507834498 0.8705521472392639 0.2392701935914396 0.25889570552147234
0 0.907365158145413 0.9687116564417179 0.1067548561681268 0.06257668711656436
0 0.1849692923308574 0.3049079774357421 0.07914116993951162 0.10920245150671982
0 0.14206438452208683 0.2525235489439809 0.06010980150057337 0.06216233130791004
0 0.11890012422641508 0.21323226426563033 0.04310311660838561 0.05317029555157992
0 0.10570528507783758 0.19094765472388128 0.03841162925158592 0.04613305090775711
0 0.09133757820661126 0.17667768557252045 0.029028632286357804 0.0355771833564474
0 0.10072056983144857 0.1303491556501325 0.03137438419786024 0.028930896331983272
0 0.078289351222698 0.1629941535382488 0.026976106039281723 0.026976106039281706
