0 0.9583333333333333 0.5092592592592592 0.07478632478632477 0.11538461538461534
0 0.7553418803418803 0.6374643874643875 0.11538461538461547 0.20085470085470078
0 0.6538461538461539 0.6246438746438746 0.13034188034188027 0.2720797720797721
0 0.7548076923076923 0.4643874643874644 0.12927350427350434 0.13105413105413105
0 0.5170940170940171 0.6495726495726495 0.13034188034188035 0.2905982905982906
0 0.36645299145299165 0.6787749287749285 0.10683760683760721 0.280626780626781
0 0.25 0.6623931623931625 0.13461538461538464 0.2706552706552706
0 0.14743589743589744 0.6303418803418803 0.15598290598290598 0.2179487179487179
0 0.005876068376068375 0.43660968660968663 0.01175213675213675 0.04131054131054128
0 0.026175213675213672 0.39529914529914534 0.052350427350427345 0.061253561253561274
0 0.9880257473363326 0.4025009071139577 0.02394850532733457 0.029451236324877714
0 0.9830267874864521 0.4232717790483451 0.03394642502709573 0.044951887022181725
0 0.9225742497669666 0.3851401783329773 0.04557191305007379 0.06169258977526994
0 0.8883953149794113 0.37645981394248706 0.0465019520919121 0.05859245963580925
0 0.8709570829449441 0.37335968380302625 0.03766658119444884 0.05673238155213269
0 0.8298028553436021 0.35785903310572226 0.06045253771948566 0.06231261580316222
0 0.8048080560941991 0.3555339355011266 0.06022002795902608 0.06448270690078481
0 0.765165141935844 0.3431334149432834 0.06417269388683877 0.07316307129127494
0 0.7233133850531231 0.3315079269203054 0.04975708873834592 0.06293264183105435
0 0.6796015500867258 0.32096748444613865 0.05812744011489016 0.06355266785894649
0 0.6279843832647035 0.3141471981393255 0.04882704969650762 0.0598325116915947
0 0.5770647457240592 0.30639687279067224 0.04743199113374923 0.06169258977526882
0 0.5111482286337744 0.29787151490715563 0.04905955945696718 0.0719230192354906
0 0.4498819067526803 0.2955464173025601 0.05161716682202247 0.0716130062215446
0 0.38454666406354404 0.29275630017704524 0.05998751819856733 0.06789285005419156
0 0.3371146729297935 0.27617060393093 0.05487230346845621 0.06882288909602984
0 0.23283404536368071 0.25446969295470473 0.06626528173097476 0.050842134287156594
0 0.19319113120532563 0.25818984912205734 0.055802342510294485 0.05146216031504938
0 0.16598748923155707 0.2569497970662731 0.053477244905698954 0.04774200414769616
0 0.12892666217482626 0.26470012241492497 0.04533940328961436 0.04402184798034355
0 0.11416229238564414 0.2614449857684912 0.04603693257099298 0.046191939077965996
0 0.033248895745717134 0.26702522001952056 0.03162132742250021 0.03193134043644606
0 0.011160468502058898 0.2665602004986015 0.020925878441360433 0.03658153564563754
0 0.004998959849880547 0.3043817882000234 0.009067880657922852 0.02170091097622567
0 0.026622367572619664 0.3139921916323518 0.05324473514523933 0.05146216031504935
0 0.010695448981139777 0.3398782782968495 0.020460858920441312 0.04433186099428948
