0 0.9718131747157207 0.603760333518602 0.056373650568558836 0.10543214783692081
0 0.6640636800578283 0.5109780372964462 0.14437216410183124 0.1545329273912866
0 0.45574235157390747 0.6776502854001484 0.17539040631953348 0.22795839925003597
0 0.6462096302173719 0.37321480383754724 0.10947845228881325 0.11168440843740765
0 0.5673624547347531 0.4240148225737497 0.09283924019655611 0.09277621287802734
0 0.4979693770318285 0.43750266873944105 0.11023478011118874 0.10613800440665587
0 0.4354777907080758 0.47141136610926354 0.10853304251084431 0.12050823303178518
0 0.35690381028899915 0.5090467427692048 0.11045712158277186 0.17200674572287952
0 0.27980475926956117 0.3378037110453661 0.04938008096499386 0.06917378430539153
0 0.3255125873779798 0.32103115189902964 0.059224843942191345 0.07396594406148856
0 0.41677197751581707 0.2989455460665846 0.06266269768026037 0.06271478637326207
0 0.5402221799283016 0.28269387385025796 0.028596692457575186 0.043962856892884636
0 0.5867894714712389 0.27540145683011086 0.06110003689022945 0.04437956643689309
0 0.6091355207686879 0.26862992673997427 0.05641205452013474 0.05083856436902299
0 0.6300751753551096 0.263733589597876 0.05109900783402816 0.052297047773053024
0 0.5450288320886663 0.2533021537455621 0.03564843274848262 0.035008041741023475
0 0.515730943497477 0.2536579265274837 0.043866784010854254 0.030027222794129463
0 0.4795488515761165 0.25878105458714556 0.046428348040685366 0.039704242462379497
0 0.4480095944588232 0.2625522460755079 0.048456252897635416 0.04240811560497882
0 0.4164169714242415 0.2683157651426275 0.047602398221024994 0.03600420553040152
0 0.37895409748796394 0.27770816658534087 0.04440044318373623 0.04255042471774722
0 0.3431989329049071 0.2836851493216131 0.05037742592000853 0.045396606973115004
0 0.30445527695371455 0.29485641467393203 0.03479457807186977 0.04098502447729399
0 0.26608518242353824 0.3075219257103178 0.0389571196203455 0.048954334792324555
0 0.25242527726572156 0.2664179638877034 0.03176979787997819 0.03960462608344166
0 0.30434177624031894 0.2501456283882026 0.03409441723704976 0.03805487984539348
0 0.365750470922961 0.23731717341769643 0.03783963731233181 0.03684952166024597
0 0.389771537612701 0.22156141999754378 0.030090906122094026 0.027723238258409076
0 0.41510167025351824 0.21980034472703575 0.03205156992325953 0.029116444472411657
0 0.45848282441705096 0.22136574496748807 0.03850884591512518 0.03193416490522566
0 0.504329483959296 0.22097439490737486 0.03886106096922681 0.03021222464072821
0 0.3930295268631418 0.20297229214217416 0.02500726884122443 0.021132903246105242
0 0.3638543798817134 0.2003111117334055 0.023011383534647857 0.021132903246105072
0 0.3392580286036073 0.2110341033805032 0.017962967759189395 0.023167923558693175
0 0.2894195984482091 0.21306912369309106 0.021132903246105207 0.019097882933517277
0 0.2789705518431904 0.22473135548446027 0.0246550537871228 0.02363754363082883
0 0.2507933475150501 0.22457481546041433 0.02230695342644441 0.02395062367892042
0 0.2286031816497453 0.23212313778440802 0.022228448192747798 0.027756157531685127
0 0.15960245352774616 0.23646187373790098 0.01830313330148037 0.019828394409937042
