0 0.18326245847176 0.5913676633444034 0.11934717607973314 0.15212403100774857
0 0.42320681063122834 0.3044867109634546 0.11136378737541693 0.08006755260243725
0 0.4604593023255802 0.2664446290143956 0.10316777408637641 0.07176190476190294
0 0.7655730897009968 0.20348837209302326 0.058554817275747954 0.051495016611295616
0 0.9842938648720047 0.3625348540226011 0.03141227025599096 0.04237215241991698
0 0.4683114617940187 0.10879568106312275 0.037121262458473185 0.026889258028793262
0 0.5699999999999992 0.07766666666666654 0.026499999999998726 0.01666666666666643
0 0.46624999999999905 0.09216666666666651 0.035000000000001565 0.018333333333333614
0 0.472375 0.06516666666666665 0.024250000000000042 0.012333333333333325
0 0.4594999999999977 0.07566666666666627 0.02400000000000069 0.01466666666666693
0 0.4512774364670489 0.07912042919587113 0.007620398055725831 0.010725004671021799
