0 0.4503192050130356 0.11077555389527774 0.007897558967521477 0.009936834757257066
0 0.4592178630046091 0.1219730318680077 0.01434908601141231 0.013051365054307791
0 0.45132030403708756 0.14548032006241443 0.025027475601300465 0.01913211468188301
0 0.5048791018238706 0.10543635910033364 0.02669597397472053 0.017055761150515884
0 0.5190057213854936 0.1095149106798048 0.04204615901018485 0.01957704758146173
0 0.5180046223614415 0.11277775194338176 0.029143104922403254 0.018390559849251906
0 0.5326317914350907 0.11856187963790435 0.04816398637939157 0.022246644978933746
0 0.5684488898511738 0.11262944097685555 0.015683884710148276 0.010975011522940665
0 0.590584301605213 0.13895463753526052 0.02013321370593502 0.024174687543774703
0 0.6463121472774422 0.14117930203315385 0.026362274300036573 0.01972535854798794
0 0.6695598912804277 0.15089367034062165 0.030366670396244758 0.016907450183989675
0 0.6825185619806569 0.15786428576735417 0.04004396096208069 0.01987366951451415
0 0.6230644032744563 0.15489806643682968 0.03704066388992494 0.028179083639982738
0 0.7319061138338901 0.17751548883207907 0.03559463196629409 0.022394955945459996
0 0.7560437236360329 0.184708570708601 0.037819296464187316 0.02758583977387783
0 0.771004592384366 0.19590604868133088 0.033926133592874094 0.027140906874299164
0 0.7927506878512735 0.2082900143862707 0.03781929646418746 0.029662193305245027
0 0.817945013289916 0.22163800137363104 0.04260232513465823 0.026695973974720497
0 0.8427500224414273 0.23261301289657169 0.04148999288571162 0.023729754644196
0 0.8687785970667798 0.2556753681913997 0.029031871697508507 0.033369967468400645
0 0.8596018560129696 0.267095312613919 0.043158491259131466 0.04464160092439379
0 0.8206702272998356 0.2628684500679216 0.08031038837395096 0.059621008543542464
0 0.9543943777931857 0.32819943082272374 0.03603956486587265 0.0384125403302923
0 0.9932703898938715 0.32137712636251725 0.013459220212254916 0.01586927341830615
0 0.9852615977014563 0.337543021713876 0.02947680459708735 0.052353771183757516
0 0.9012805129059812 0.3325004488519843 0.06329170496506663 0.08260920835510738
0 0.8752519382806271 0.332426293368721 0.07063309780811199 0.07919805612500391
0 0.5695653111002907 0.16590623266777815 0.03559463196629393 0.033437381544094334
0 0.6067273203264643 0.1717712572531334 0.03872938648605285 0.03465083490658168
0 0.6445971773474222 0.18626528352728727 0.032156514105913206 0.029392537002470114
0 0.7725445326204524 0.3936879735691005 0.09738822561183426 0.12051385778053074
0 0.7161147329975418 0.40313365431406095 0.10927675482531896 0.13549666172081296
0 0.647552119314294 0.410407914198111 0.11383673863323111 0.11964528943616656
0 0.5719052450723258 0.419745023900026 0.10943961138988718 0.13831950883999652
0 0.4807894400448389 0.4528233635847056 0.10641047928891723 0.17971547613239358
0 0.38364061358292006 0.48027989466048787 0.08867539940743101 0.17472337957316028
0 0.28199890021769103 0.5332355294769845 0.09732617726073371 0.21387192627451573
0 0.18564815235043938 0.5413279807414262 0.08323664157710856 0.16589525092104285
0 0.11520904947456569 0.5697960682252627 0.07911816191574125 0.17774491170111817
0 0.014544736067249965 0.6334807695152488 0.02908947213449993 0.17676225690472086
0 0.9794108531244697 0.7294179912970471 0.04117829375104934 0.13009193439822406
0 0.9617068096327717 0.8731485962370119 0.0765863807344347 0.23360594671509635
