0 0.03700657894736841 0.9605263157894736 0.07401315789473682 0.07894736842105242
0 0.13216635338345864 0.9309210526315788 0.119125939849624 0.13815789473684184
0 0.275610902255639 0.8862781954887217 0.20582706766917305 0.22744360902255617
0 0.5032894736842103 0.74812030075188 0.19877819548872136 0.2631578947368426
0 0.5829417293233082 0.6423872180451127 0.18045112781954878 0.2152255639097743
0 0.6509633458646619 0.5545112781954886 0.17692669172932374 0.19924812030075167
0 0.7098214285714286 0.48402255639097774 0.16071428571428575 0.1917293233082712
0 0.7524671052631576 0.4468984962406012 0.10925751879699197 0.13251879699248093
0 0.7729088345864656 0.41259398496240607 0.12053571428571372 0.12218045112781951
0 0.7982847744360901 0.3811090225563909 0.08529135338345874 0.10056390977443605
0 0.08811090225563906 0.723684210526316 0.10009398496240593 0.2293233082706772
0 0.1885573308270678 0.7293233082706749 0.0909304511278198 0.08646616541353053
0 0.2632753759398495 0.5986842105263155 0.12476503759398477 0.1936090225563904
0 0.3707706766917292 0.5286654135338347 0.12828947368421045 0.1795112781954887
0 0.4440789473684209 0.46616541353383456 0.12828947368421045 0.1503759398496239
0 0.5156249999999999 0.42199248120300753 0.12053571428571448 0.12218045112781964
0 0.5713110902255637 0.3900375939849624 0.11489661654135298 0.11466165413533835
0 0.6210056390977442 0.3651315789473682 0.11983082706766929 0.09680451127819505
0 0.65765977443609 0.3359962406015037 0.10291353383458623 0.08740601503759389
0 0.6819783834586467 0.30310150375939865 0.10361842105263128 0.10056390977443633
0 0.013392857142857137 0.4910714285714286 0.026785714285714274 0.09304511278195497
0 0.04828477443609022 0.46005639097744355 0.057095864661654144 0.1043233082706765
0 0.1448543233082707 0.3919172932330828 0.0401785714285714 0.08458646616541367
0 0.25093984962406024 0.34116541353383456 0.05639097744360888 0.06766917293233077
0 0.3031015037593984 0.31296992481203 0.06203007518796985 0.06015037593984959
0 0.3510338345864661 0.2899436090225564 0.06343984962406007 0.0592105263157895
0 0.3947368421052628 0.2687969924812031 0.06484962406014999 0.06203007518797008
0 0.43667763157894735 0.2537593984962406 0.06273496240601502 0.054511278195488684
0 0.4832001879699246 0.24483082706766918 0.0655545112781953 0.05169172932330824
0 0.5032894736842105 0.22415413533834588 0.06907894736842103 0.04981203007518797
0 0.9902490601503758 0.9262218045112798 0.01950187969924679 0.11184210526315866
0 0.9930686090225563 0.37687969924812037 0.01386278195488734 0.04511278195488721
0 0.819749999999992 0.37233333333332896 0.10149999999999566 0.07466666666665787
0 0.8358749999999966 0.35066666666666507 0.08774999999999376 0.08066666666666372
0 0.8516249999999981 0.3363333333333323 0.07824999999999707 0.07866666666666504
0 0.7198749999999934 0.3043333333333313 0.08524999999999913 0.07333333333332931
0 0.7414999999999953 0.28833333333332917 0.06399999999999648 0.05933333333333122
0 0.7526249999999978 0.27966666666666595 0.07774999999999982 0.061333333333332025
0 0.7994999999999992 0.2506666666666664 0.05449999999999981 0.0473333333333329
0 0.537749999999997 0.2208333333333326 0.044999999999994766 0.0389999999999985
0 0.569374999999998 0.21399999999999944 0.04874999999999643 0.03733333333333227
0 0.5912499999999989 0.20449999999999968 0.04999999999999804 0.03966666666666621
0 0.6121249999999976 0.1988333333333328 0.04624999999999579 0.03633333333333234
0 0.6312499999999999 0.19349999999999998 0.054000000000000055 0.037666666666666654
0 0.6521249999999975 0.18699999999999936 0.05524999999999511 0.04533333333333202
0 0.5046249999999999 0.13533333333333333 0.030249999999999843 0.016000000000000014
0 0.540249999999999 0.12883333333333316 0.02599999999999878 0.016333333333333065
0 0.5157499999999999 0.12516666666666662 0.021499999999999984 0.014333333333333318
0 0.47874999999999934 0.1268333333333333 0.02349999999999923 0.013666666666666692
0 0.4361249999999998 0.13816666666666666 0.02625 0.016999999999999994
0 0.4088749999999998 0.14383333333333334 0.02174999999999997 0.015
0 0.41637499999999794 0.16066666666666646 0.029749999999998764 0.019333333333333615
0 0.3843749999999993 0.16749999999999954 0.031249999999999077 0.024999999999999925
0 0.3582499999999996 0.1586666666666663 0.022499999999999427 0.019333333333333293
0 0.3747499999999988 0.1529999999999998 0.025499999999998017 0.019333333333333043
0 0.3298749999999999 0.18483333333333335 0.02924999999999997 0.025666666666666664
0 0.3021249999999994 0.1973333333333328 0.022749999999999118 0.02466666666666666
0 0.054624999999999896 0.3538333333333321 0.05775000000000018 0.05833333333333128
0 0.027749999999999955 0.34449999999999986 0.02649999999999992 0.04099999999999979
0 0.046499999999999986 0.30899999999999994 0.020999999999999987 0.026666666666666644
0 0.10087499999999977 0.2979999999999996 0.021749999999999655 0.035333333333332634
0 0.15 0.26649999999999996 0.02299999999999997 0.03033333333333339
0 0.1789999999999999 0.25049999999999967 0.021999999999999867 0.03366666666666615
0 0.2064999999999996 0.23716666666666622 0.025499999999999714 0.028999999999999863
0 0.23612499999999986 0.2229999999999997 0.02674999999999973 0.03133333333333329
0 0.2723749999999993 0.20966666666666595 0.0232499999999988 0.027333333333332023
0 0.2556249999999995 0.19449999999999967 0.021749999999999037 0.020999999999999342
0 0.276375 0.18616666666666665 0.020749999999999994 0.019666666666666686
0 0.29574999999999996 0.17549999999999996 0.023000000000000007 0.021000000000000015
0 0.31649999999999995 0.1698333333333333 0.021499999999999984 0.018999999999999986
0 0.28312499999999996 0.1725 0.019249999999999972 0.017666666666666657
0 0.21787499999999985 0.21033333333333323 0.016750000000000043 0.02200000000000003
0 0.20787499999999995 0.20766666666666667 0.016250000000000035 0.023999999999999987
0 0.13262499999999988 0.2561666666666659 0.020749999999999703 0.022999999999999993
0 0.08349999999999998 0.25649999999999945 0.016499999999999973 0.020999999999999953
0 0.102375 0.2514999999999999 0.016750000000000008 0.020333333333333314
0 0.133125 0.24066666666666667 0.016249999999999983 0.01866666666666667
0 0.13625 0.22416666666666665 0.016000000000000014 0.017666666666666657
0 0.19762499999999986 0.19366666666666635 0.014249999999999912 0.01933333333333324
0 0.21749999999999997 0.19033333333333324 0.014500000000000027 0.015333333333333315
0 0.22924999999999998 0.18066666666666664 0.013499999999999979 0.01533333333333335
0 0.25149999999999983 0.17733333333333318 0.01849999999999971 0.01466666666666649
0 0.2581249999999999 0.16883333333333325 0.013749999999999962 0.012999999999999972
0 0.2731249999999998 0.16333333333333322 0.016749999999999866 0.013999999999999927
0 0.30249999999999866 0.15716666666666623 0.03049999999999845 0.022333333333332494
0 0.32599999999999996 0.14866666666666664 0.020999999999999977 0.017999999999999988
0 0.10315455905580148 0.2172302514989648 0.007440792714345221 0.008723688009922022
0 0.15132727740470903 0.19738813759404417 0.008082240362133621 0.009750004246383418
0 0.1601792549441887 0.1869539225233531 0.007825661303018308 0.009065793422075821
0 0.17012169348490866 0.18404602652004576 0.009236846128152756 0.011460531307152416
0 0.20437499787680827 0.18404602652004576 0.01180263671930625 0.012144742131460013
0 0.21855099089293156 0.17831576086646955 0.011674347189748602 0.013000005661844546
0 0.2320213914964876 0.16343417543777908 0.011674347189748557 0.011631584013229364
0 0.19796052139892445 0.17917102439685414 0.01103289954196015 0.010947373188921751
0 0.20533716934849086 0.17138812627035513 0.010391451894171837 0.010776320482844817
0 0.22053947860107553 0.16112496390574094 0.01103289954196015 0.01214474213146005
0 0.24780100363208185 0.1553091718991263 0.009108556598595073 0.010434215070691035
0 0.26024508799917645 0.1506052224820114 0.009108556598595073 0.009236846128152702
0 0.28199016325920284 0.15299996036708824 0.014625006369575429 0.010605267776768283
0 0.277115161136011 0.15197364413062664 0.010776320482844852 0.012657900249690766
0 0.5055346685134563 0.12384215919967727 0.01706250743117503 0.012657900249691004
0 0.47442445759571783 0.12161847402067744 0.020269745670113522 0.01642105978338259
0 0.46364813711287267 0.12136189496156206 0.022578957202151174 0.013513163780075263
0 0.45325668521870177 0.12230268484498501 0.020013166610996037 0.013684216486152166
0 0.43773365214222293 0.12110531590244672 0.01898685037453802 0.013000005661844661
0 0.43022871466309903 0.12007899966598522 0.013983558721788273 0.012657900249690943
0 0.3138059665895065 0.13530269050682964 0.012059215778421652 0.008894740715998939
0 0.4215691714179554 0.12110531590244664 0.010519741423730342 0.011973689425383145
0 0.4159244321174181 0.12067768413725455 0.012315794837538719 0.01146053130715264
0 0.4093175213451967 0.1212763686085236 0.014240137780902131 0.01128947860107555
0 0.40752146793139055 0.11776978813394712 0.025273037322864428 0.01590790166515189
0 0.39174185579579623 0.11930926248863939 0.016036191194711964 0.011802636719306035
0 0.38385204972799825 0.11965136790079305 0.013342111073999246 0.011460531307152437
0 0.3791694818991435 0.11982242060687007 0.013470400603557569 0.012144742131459874
0 0.36903460906408625 0.12016452601902375 0.014496716840017498 0.009750004246383418
0 0.34267111073998374 0.12033557872510066 0.013342111073998382 0.012144742131460067
0 0.31887340300703465 0.12769084508640746 0.008851977539479633 0.009750004246383366
0 0.3289838388498151 0.12242752758567174 0.012824890412841706 0.008390611533038782
0 0.29680212626106933 0.13464170893123564 0.007408166511765902 0.007753349897618497
0 0.2865262823899102 0.13581002192950703 0.010275843871158976 0.007753349897618662
0 0.2697583356079027 0.14738694163964997 0.010196186166731423 0.009452714258740596
0 0.26872278545034406 0.1396335917420313 0.010355501575586566 0.007116088262197966
0 0.27015662413004066 0.1343761832498104 0.010196186166731458 0.007859560170188757
0 0.245661880018557 0.15004219845390293 0.007089535694055407 0.006266406081637008
0 0.25267175800818487 0.14690899541308444 0.009957213053448655 0.007434719079908305
0 0.2384130289156464 0.15136982686102943 0.006930220285200228 0.008071980715329037
0 0.21156838252354884 0.16167222330033096 0.008045428147186442 0.008496821805609525
0 0.05763234915336071 0.24324171263418223 0.009797897644593458 0.010833447802152065
0 0.3541183250328473 0.12152474026882604 0.005974327832069193 0.008496821805609506
0 0.3066025043417905 0.12593246658048599 0.008284401260469317 0.007328508807338228
