0 0.5192661960132843 0.7046522702104044 0.19732308970099946 0.3016367663344402
0 0.40066694352159166 0.6162763012181578 0.19084385382059896 0.2816976744186064
0 0.07275498338870408 0.5825564784053132 0.14550996677740816 0.1797131782945744
0 0.23558596345514782 0.41544905869324233 0.14475996677740782 0.16243521594684343
0 0.5088035714285687 0.26029734219269 0.08072176079734165 0.08734551495016563
0 0.6150797342192651 0.2348803986710945 0.05656312292358849 0.0617674418604637
0 0.6363779069767418 0.1661046511627903 0.04485049833886784 0.04183942414174977
0 0.9250394518272388 0.3136229235880384 0.048075581395350626 0.061772978959024574
0 0.2155294850498336 0.24668050941306735 0.0722549833887047 0.0681118493909193
0 0.02304817275747508 0.4119601328903654 0.04609634551495016 0.1029900332225914
0 0.19013122923587997 0.33173145071981947 0.06076744186046436 0.07740088593576865
0 0.37225622923587975 0.21910520487264612 0.08172176079734321 0.0700952380952371
0 0.48401162790697677 0.18355481727574752 0.053571428571428464 0.05481727574750832
0 0.5963857973421902 0.12906810631229185 0.03711710963455211 0.037522702104097035
0 0.5448102159468419 0.13371262458471722 0.03314202657807447 0.034867109634551675
0 0.4729260797342159 0.12110132890365403 0.043858803986710854 0.035578073089701
0 0.4087607973421909 0.16212956810631163 0.06801328903654685 0.06112292358803892
0 0.9422375415282374 0.9596384274640039 0.08645514950165632 0.08072314507197306
0 0.3488434385382038 0.15233776301218085 0.06477159468438363 0.05283942414175011
0 0.2829343853820589 0.1855437430786263 0.0695299003322254 0.05613953488372122
0 0.2582653654485046 0.1813909191583607 0.06154235880398587 0.05381173864894845
0 0.17167483388704205 0.16627408637873697 0.05181312292358649 0.036867109634552045
0 0.23770473421926785 0.1355321151716491 0.05032973421927143 0.033228128460687185
0 0.4341777408637866 0.11062901439645617 0.04609634551495008 0.031233665559246754
0 0.12420556478405301 0.25581395348837105 0.049075581395348775 0.026578073089701042
0 0.153239202657807 0.28505592469545915 0.052325581395348666 0.044506090808415874
0 0.9098372093023237 0.21445514950166022 0.02167940199335485 0.02356146179401928
0 0.4808970099667753 0.05630620155038739 0.025400332225911343 0.018244739756367655
0 0.5112890365448485 0.05431450719822799 0.024416943521595184 0.018939091915836044
0 0.017124999999999998 0.3443333333333314 0.034249999999999996 0.047999999999996164
0 0.161375 0.16349999999999998 0.04825000000000003 0.04366666666666665
0 0.20649999999999966 0.17133333333333323 0.05799999999999939 0.04733333333333359
0 0.2238749999999986 0.1759999999999993 0.06174999999999904 0.041999999999999996
0 0.2861249999999985 0.14583333333333232 0.0487500000000029 0.02833333333333129
0 0.2998749999999985 0.14733333333333276 0.05475000000000292 0.025333333333332198
0 0.25275 0.11033333333333331 0.0325 0.02
0 0.3621249999999999 0.06933333333333333 0.01874999999999993 0.01666666666666666
0 0.3947499999999996 0.058333333333333307 0.028499999999999925 0.024666666666666694
0 0.4216249999999973 0.062166666666666454 0.027750000000001718 0.014333333333333278
0 0.4908749999999976 0.10049999999999955 0.03524999999999831 0.022999999999999736
0 0.5184999999999993 0.1061666666666665 0.04050000000000115 0.021666666666666348
0 0.7013749999999999 0.09533333333333331 0.013250000000000029 0.01200000000000001
