0 0.020408163265306124 0.6581146714754544 0.04081632653061225 0.1142857202172164
0 0.07944606413994172 0.47716229348882405 0.10058309037900878 0.11078717201166179
0 0.1260932944606415 0.41788143828960145 0.09766763848396509 0.10106899902818273
0 0.1649096788642278 0.3576333534387557 0.08772514875664074 0.07435103047074457
0 0.2114924128939169 0.31365743907496135 0.09520558779790468 0.07525775035453441
0 0.3301593776848757 0.6386721263098558 0.21557265237096945 0.17862381710654515
0 0.4389657637396238 0.3507885632066685 0.12580738387580212 0.09973918721685225
0 0.4726277394253126 0.3081727286685591 0.130567663265698 0.0942988679141152
0 0.6099958018194301 0.33084072576329826 0.12648742378864433 0.10699294628716903
0 0.6572585757619632 0.39349506834961134 0.1203670645730655 0.1285728822884504
0 0.732744314253023 0.7511053918997612 0.17817045716464935 0.2674823657179219
0 0.865012077300824 0.6391254862517514 0.12580738387580212 0.17771709722275555
0 0.34883340640815386 0.17473826660613864 0.07582122952455557 0.04610607541521121
0 0.3264677299166012 0.10219522134275599 0.03362782564687453 0.0270714571245277
0 0.3232952935348208 0.088025005504136 0.032358851094161804 0.02157256739610801
0 0.4032406903556919 0.123767788738864 0.06154526580654349 0.033839321405659636
0 0.4346478105353198 0.10854009410631715 0.05583488031933847 0.029609406229952187
0 0.18402533637465315 0.1028297086191121 0.025379491054244706 0.019880601325825042
0 0.45516739973489606 0.09519117392706937 0.05229012286226321 0.027697051379098205
0 0.4699411502011175 0.08396909276484837 0.03706868298797396 0.02196662695583644
0 0.4749552715714715 0.07119502165466089 0.05461810778421288 0.02841335443200583
0 0.49671297680354315 0.06367383959912992 0.03975481943637796 0.025309374536072415
0 0.52894661418439 0.05472005143778356 0.028652122116308548 0.020295253165718456
0 0.43296200509475713 0.04070989017358819 0.02005648548141586 0.01456482874245677
0 0.46832946833207517 0.03390501117096495 0.017012197506558094 0.014326061058154206
0 0.4848939764305659 0.024115536114559567 0.015400515637515823 0.011938384215128495
0 0.5275140080785748 0.01981771779711331 0.013251606478792654 0.012893454952338785
0 0.5370945614112155 0.014684212584608058 0.00913286392457337 0.008834404319195091
0 0.5511520088245291 0.010983313477918222 0.008595636634892614 0.007640565897682242
0 0.5608221000387832 0.008834404319195091 0.007879333581984938 0.006685495160471962
0 0.5531218422200262 0.008356868950589952 0.007521182055530885 0.006207959791866827
0 0.5051295376752089 0.0051335052125052565 0.006804879002623281 0.0045365860017488316
0 0.5660152971723643 0.06757125465762731 0.029368425169216082 0.02196662695583644
0 0.6117691546768441 0.055035951231742375 0.030980107038258497 0.01981771779711331
0 0.5830274946789221 0.0761668912925198 0.0343825465395701 0.02101155621862616
0 0.623498617168208 0.08824853575389931 0.046559698439001165 0.02989371334602061
0 0.5714771079507854 0.10625161951464365 0.04996213794031277 0.03151733432793925
0 0.6601196107481145 0.07676381050327623 0.030263803985350658 0.018385111691297938
0 0.6633429744861992 0.10660977104109737 0.04172465283187431 0.026503212957585297
0 0.7259299537340104 0.18970092517839188 0.05945315339133984 0.047992304544816594
0 0.7390920223311898 0.1448126005295087 0.04315725893768942 0.0331887081180572
0 0.7319289918021125 0.10016304356492814 0.02023556124464278 0.02268293000874415
0 0.7669383035129762 0.10863929635766935 0.021489091587231123 0.027219516010493005
0 0.7857412586518002 0.11687678146610805 0.02041463700786978 0.026980748326190393
0 0.795500887747667 0.15854174237690638 0.04638062267577515 0.039635435594226706
0 0.818153971795876 0.12977023641844682 0.025786909904678367 0.026503212957585297
0 0.8368673890530889 0.13884340842194426 0.020593712771098675 0.02316046537734934
0 0.8517306774009217 0.14242492368648282 0.02095186429754805 0.027458283694795485
0 0.8685637991442614 0.151617479532132 0.02202631887691626 0.024354303798862185
0 0.8852178451243639 0.1602131161670245 0.01880295513882742 0.023399233061651863
0 0.9003497471170415 0.16618230827458866 0.021847243113686476 0.023399233061651745
0 0.9221074523491117 0.1753748641202377 0.02668228872081392 0.030323495906426436
0 0.850740351350356 0.17465856106733 0.03098010703825811 0.029368425169216096
0 0.8374887448715641 0.20474328928945362 0.03850128909378906 0.036053920329688134
0 0.823162683813409 0.25739156367817023 0.058557774575205536 0.046320930754698536
0 0.8292512597631228 0.3047869490122313 0.06894416884236977 0.0670937192890222
0 0.9434991702253112 0.3672518440658164 0.055320998062454135 0.07446049028311412
0 0.9824336167289834 0.3290078170677382 0.035132766542032866 0.05250687987459353
0 0.952806731510702 0.2943644627323445 0.04509578988977367 0.05383528405445848
0 0.9944941186762486 0.2917775719261815 0.011011762647502935 0.03537747131181135
0 0.9804672305419294 0.26849556000487745 0.03015125486816274 0.04125041245731232
0 0.9796749008737438 0.24449182685849258 0.023458924982727253 0.026741980641887767
0 0.9383979374499367 0.23529927101284362 0.031517334327939225 0.03557638496108295
0 0.9738549385688688 0.22216704837620235 0.018623879375600935 0.027458283694795447
0 0.9591707259842605 0.21524278553142778 0.017549424796238923 0.02698074832619042
0 0.9396514677925256 0.20139425984187878 0.029368425169215135 0.01886264705990298
0 0.941889914832862 0.21309387637270474 0.02632413719435822 0.027458283694795523
0 0.9722432566998264 0.20330440131629948 0.019698333954961626 0.024593071483164596
0 0.9575590441152181 0.19614137078722219 0.024712455325315973 0.028413354432005846
0 0.8930022314719107 0.20175241136833258 0.030980107038258497 0.033905011170964915
0 0.9032095499758458 0.185993744204363 0.024891531088542963 0.026741980641887864
