0 0.6142723880597015 0.7835820895522387 0.24906716417910432 0.2500000000000001
0 0.6905317164179103 0.5363805970149254 0.18330223880597019 0.18470149253731336
0 0.7248134328358209 0.4029850746268657 0.15671641791044777 0.15671641791044771
0 0.7534981343283583 0.33861940298507465 0.1077425373134328 0.09514925373134332
0 0.848647388059701 0.46082089552238803 0.10494402985074598 0.10447761194029842
0 0.9053171641791047 0.5261194029850746 0.09514925373134356 0.10447761194029873
0 0.9559235074626865 0.6138059701492531 0.08815298507462684 0.12686567164179097
0 0.96875 0.41884328358208933 0.06250000000000001 0.07649253731343283
0 0.9333022388059702 0.375 0.06716417910447774 0.07835820895522383
0 0.9004197761194028 0.33208955223880593 0.05457089552238812 0.05970149253731347
0 0.8745335820895519 0.3041044776119401 0.0615671641791048 0.06716417910447763
0 0.8346548507462687 0.27611940298507465 0.06296641791044777 0.059701492537313425
0 0.8080690298507462 0.24813432835820898 0.057369402985074626 0.052238805970149224
0 0.7716884328358208 0.21361940298507462 0.06576492537313428 0.046641791044776115
0 0.0587686567164179 0.7294776119402971 0.1091417910447761 0.20149253731343308
0 0.12453358208955226 0.6399253731343283 0.11753731343283585 0.19776119402985082
0 0.20289179104477617 0.5578358208955223 0.13992537313432823 0.19402985074626902
0 0.2742537313432835 0.4720149253731341 0.1343283582089554 0.1641791044776122
0 0.33931902985074636 0.39832089552238786 0.138526119402985 0.14738805970149246
0 0.4379664179104478 0.31902985074626866 0.1287313432835822 0.1156716417910446
0 0.5065298507462684 0.2583955223880597 0.10914179104477642 0.09141791044776128
0 0.5548041044776121 0.22388059701492533 0.09375000000000004 0.07462686567164177
0 0.7388059701492539 0.19123134328358204 0.05597014925373144 0.042910447761193994
0 0.7087220149253731 0.17164179104477612 0.054570895522387995 0.0335820895522388
0 0.6711363428650869 0.13767633695063042 0.04815129894503528 0.03150640548255389
0 0.7141604201631969 0.12757050877698106 0.037896855651186105 0.02556180067452486
0 0.6216475078382454 0.09755025449643441 0.03210086596335671 0.024967340193721946
0 0.583081884146157 0.10200870810245619 0.032546711323958914 0.025561800674524876
0 0.5558853171494241 0.10884500363168957 0.03878854637238959 0.028534103078539364
0 0.5458537965358751 0.08684996584198214 0.028534103078539416 0.026156261155327785
0 0.5318096676769065 0.0469623779834294 0.019171350505893726 0.013078130577663884
0 0.537828580045036 0.058554357359086026 0.02675072163613059 0.01605043298167841
0 0.4916835852227105 0.08411615803361089 0.0343300927663676 0.03031748452094811
0 0.505281868721077 0.12929515457463162 0.057959896878283165 0.03507316836737134
0 0.422800477009674 0.15218188308554337 0.05795989687828339 0.04042331269459746
0 0.410316806912813 0.11175857039094592 0.04369284533901336 0.029723024040145186
0 0.45423257493212765 0.09124968380324575 0.019171350505893657 0.02556180067452486
0 0.415221105879437 0.09362752572645736 0.021400577308904614 0.02199503778970744
0 0.3744262553843377 0.09838320957288058 0.020954731948302267 0.023183958751313263
0 0.33519186365134607 0.10313889341930381 0.02095473194830234 0.023183958751313245
0 0.3242686523165928 0.2003331820305786 0.06063496904189627 0.04636791750262649
0 0.28770933274721416 0.14385943635430276 0.04190946389660462 0.03328978692496265
0 0.24936663173542684 0.12929515457463156 0.04904298966623949 0.0386399312521888
0 0.259843997709578 0.1700156975096305 0.03968023709359383 0.03923439173299163
0 0.18115229156329363 0.21168737630683934 0.04012608245419603 0.041493343374192096
0 0.3285880307638051 0.05914881783988893 0.01694212370288284 0.013672591058466788
0 0.23674388647975647 0.08084662538919492 0.022292268030108885 0.019022735385692907
0 0.16674616486521457 0.15129019236433902 0.02675072163613068 0.026750721636130646
0 0.1491352731214285 0.15515418548955787 0.018279659784689296 0.022589498270510332
0 0.1335306855003523 0.16288217173999564 0.02452149483311975 0.022589498270510256
0 0.11859486592017923 0.16852954630762315 0.0240756494725176 0.027939642597736555
0 0.14467681951540676 0.17804091400046965 0.02987163916034595 0.03269532644415971
0 0.12327624220650218 0.18339105832769584 0.02362980411191545 0.02437287971291905
0 0.12662008241101846 0.19706364938616228 0.02942579379974382 0.027939642597736482
0 0.13776621642607292 0.22292268030108894 0.03745101029058295 0.0404233126945974
0 0.09897767005368349 0.21222239164663662 0.02764241235733504 0.03210086596335682
0 0.07088941233574628 0.2119251614062352 0.03388424740576551 0.03388424740576553
0 0.08693984531742467 0.2752352026117443 0.041017773175400396 0.05350144327226132
0 0.1734338452742471 0.28956169929201975 0.06420173192671358 0.06194278028551325
0 0.12550546900951307 0.12305331952620108 0.01738796906348494 0.016644893462481304
0 0.08515646387501598 0.13850929202707665 0.010700288654452272 0.013078130577663903
0 0.10232151025819981 0.11889209616058075 0.01382120617866752 0.01664489346248132
0 0.12483670096860983 0.10848903774652996 0.009808597933247913 0.012483670096860973
0 0.11881778860048041 0.1099751889485372 0.009362752572645761 0.010700288654452255
0 0.06509342264791798 0.14326497587349982 0.01605043298167841 0.009511367692846448
0 0.0318779432830557 0.24699832977360658 0.039680237093593806 0.03982885221379459
0 0.030986252561851356 0.2636432232360878 0.022738113390711058 0.03507316836737129
0 0.1255054690095131 0.3320061785284219 0.05929743296008965 0.07906324394678621
0 0.03878854637238947 0.40571927814798187 0.05617651543587441 0.0850078487548151
