0 0.1037613636363632 0.27618181818181675 0.06470454545454525 0.05521212121212077
0 0.9080454545454429 0.8996363636363521 0.11836363636363907 0.2007272727272621
0 0.6553636363636298 0.8402727272727155 0.2170909090909118 0.2504242424242421
0 0.5981931818181776 0.6873333333333262 0.1982045454545472 0.2010909090909105
0 0.27321590909090787 0.565878787878786 0.18924999999999975 0.17551515151514951
0 0.5259090909090848 0.5782575757575624 0.1907727272727253 0.16639393939393815
0 0.49474999999999875 0.47999999999999593 0.1785909090909088 0.15090909090909033
0 0.43295454545454537 0.4268181818181819 0.13090909090909067 0.11000000000000018
0 0.85555681818181 0.4840909090909026 0.10856818181817625 0.10793939393939114
0 0.6656136363636321 0.32580303030302865 0.0871818181818172 0.06445454545454515
0 0.23669318181817975 0.4206969696969658 0.18511363636363448 0.1512727272727261
0 0.2558068181818168 0.24951515151515025 0.10584090909090982 0.08793939393939394
0 0.38332954545454556 0.3459090909090907 0.1257500000000002 0.08636363636363673
0 0.902329545454541 0.44575757575757197 0.08779545454544901 0.10121212121211633
0 0.7019999999999973 0.3203333333333314 0.07627272727272487 0.06145454545454414
0 0.7261363636363624 0.3135606060606058 0.06409090909090893 0.054696969696969154
0 0.37070454545454384 0.2783181818181799 0.09495454545454543 0.05790909090908988
0 0.3195261516538238 0.1582001250121593 0.03736625354701271 0.02185479547886489
0 0.07222727272727235 0.24418181818181706 0.041499999999999496 0.02848484848484758
0 0.9631363636363571 0.5677424242424192 0.07372727272727053 0.11421212121211947
0 0.9814999999999955 0.5261666666666622 0.036999999999998076 0.037666666666665106
0 0.38499999999999945 0.2973333333333325 0.11350000000000068 0.06933333333333203
0 0.2567499999999979 0.3249999999999955 0.11900000000000409 0.09266666666666597
0 0.6399999999999992 0.1729999999999999 0.026499999999998903 0.018666666666666488
0 0.5282499999999996 0.14449999999999982 0.022499999999999232 0.014333333333332936
0 0.6729999999999998 0.15733333333333335 0.012999999999999972 0.012666666666666675
0 0.695375 0.1425 0.011749999999999972 0.007666666666666658
0 0.5356249999999999 0.1175 0.013749999999999929 0.008333333333333338
0 0.5776249999999998 0.12 0.007750000000000057 0.009333333333333336
0 0.5208749999999999 0.11083333333333333 0.00625 0.008333333333333338
0 0.47787499999999994 0.12533333333333332 0.01875 0.011999999999999993
0 0.467125 0.11516666666666665 0.012749999999999914 0.008999999999999985
0 0.4569999999999999 0.11366666666666665 0.012000000000000099 0.009333333333333336
0 0.45137499999999986 0.11183333333333334 0.012749999999999985 0.010333333333333332
0 0.45349999999999996 0.10466666666666664 0.013500000000000014 0.008000000000000007
0 0.46137499999999987 0.10183333333333333 0.012250000000000014 0.010333333333333332
0 0.49387499999999995 0.10300000000000001 0.010750000000000029 0.007333333333333325
0 0.4896249999999999 0.10016666666666665 0.009749999999999943 0.006999999999999993
0 0.4781249999999999 0.10033333333333332 0.013250000000000029 0.006666666666666661
0 0.4896249999999999 0.09016666666666666 0.009749999999999943 0.006999999999999993
0 0.42074999999999974 0.11149999999999995 0.01649999999999979 0.009666666666666641
0 0.4239241800733927 0.10710892822770422 0.01350503877653658 0.006830134553650691
0 0.41375659340829907 0.09924392480228825 0.01397072976883095 0.008071977199769017
0 0.4247779468925992 0.09872649036640561 0.006209213230591644 0.007037108328003754
0 0.36198727809824205 0.11611228741206193 0.019093330684069015 0.006623160779297663
0 0.368662182321128 0.11290419390958965 0.02033517333018729 0.010969610040711756
0 0.37394001356713086 0.10534965114570326 0.015057342084184456 0.008692898522828169
0 0.3872122068475203 0.10762636266358683 0.008071977199769051 0.011590531363770893
0 0.3338129730644329 0.11890643336582814 0.009313819845887252 0.008071977199769017
0 0.3265947626838702 0.11745761694535678 0.011331814145829568 0.01014171494329954
0 0.31751378833413013 0.12666794990406757 0.013660269107301453 0.008692898522828169
0 0.33334728207213876 0.10224504453040752 0.00900335918435773 0.009934741168946491
0 0.32791422049537106 0.10193458386887791 0.005277831246002833 0.008899872297181232
0 0.32317969540704494 0.10058925433558308 0.010089971499711262 0.010348688717652585
0 0.31704809734183587 0.11528439231464974 0.013970729768830892 0.009520793620240322
0 0.3210064707763379 0.1099030741814704 0.014746881422654994 0.006209213230591573
0 0.3540705312292378 0.10286596585346665 0.006985364884415475 0.008278950974122061
0 0.2920560140887048 0.11362860211982533 0.010245201830476064 0.00910684607153426
0 0.15360041229175841 0.16464763749785255 0.008848128853592919 0.009313819845887323
0 0.1992381295366063 0.15936980625184968 0.023129319283953505 0.012418426461183057
0 0.18883769737536543 0.15543730453914176 0.020956094653246424 0.009520793620240352
0 0.2267915132473563 0.14332933873948817 0.03166698747601677 0.026699616891543564
0 0.26373633196937585 0.1295655827450103 0.023284549614718444 0.012418426461183045
0 0.2745248399575288 0.130289990955246 0.015988724068773278 0.007244082102356754
0 0.29959453837604216 0.12501215970924318 0.018938100353304215 0.009520793620240404
0 0.2870984967494767 0.12573656791947888 0.013505038776536651 0.008485924748475124
0 0.2780951375651189 0.11932038091453415 0.024371161930071817 0.015523033076478836
0 0.2265586677512091 0.1291516351963042 0.013815499438066182 0.011590531363770928
0 0.2021098906557549 0.14363979940101795 0.02080086432248176 0.015316059302126069
0 0.18782870022539427 0.14239795675489947 0.013660269107301549 0.013660269107301271
0 0.16966675152591404 0.14984901263160916 0.032287908799076025 0.022353167630129255
