0 0.3311965811965812 0.7321937321937321 0.2008547008547009 0.31339031339031337
0 0.8952991452991452 0.3269230769230769 0.08760683760683761 0.10113960113960112
0 0.9727564102564102 0.3945868945868946 0.05448717948717956 0.08262108262108264
0 0.9706196581196582 0.735042735042735 0.058760683760683746 0.26780626780626776
0 0.9091880341880341 0.6965811965811963 0.0982905982905979 0.2307692307692311
0 0.8210470085470082 0.6054131054131052 0.11004273504273442 0.22792022792022756
0 0.7307692307692305 0.5398860398860402 0.12606837606837543 0.23931623931624008
0 0.639957264957265 0.4786324786324789 0.11538461538461518 0.1652421652421657
0 0.5721153846153846 0.4088319088319088 0.12713675213675216 0.1766381766381766
0 0.22115384615384598 0.5113960113960114 0.11752136752136719 0.18233618233618254
0 0.4978632478632478 0.3675213675213675 0.14743589743589738 0.16239316239316245
0 0.4326923076923077 0.32763532763532766 0.12820512820512817 0.1310541310541311
0 0.3856837606837607 0.2934472934472934 0.13034188034188035 0.1111111111111111
0 0.3482905982905983 0.2621082621082621 0.1324786324786325 0.12820512820512822
0 0.3050213675213675 0.25 0.05876068376068371 0.05840455840455839
0 0.30074786324786323 0.23290598290598288 0.09508547008547012 0.0868945868945869
0 0.27617521367521364 0.22293447293447294 0.07799145299145302 0.0783475783475783
0 0.8023504273504273 0.2670940170940171 0.07905982905982924 0.08689458689458693
0 0.7120726495726495 0.21225071225071226 0.08440170940170943 0.07122507122507123
0 0.6169871794871795 0.1745014245014245 0.07371794871794869 0.04985754985754987
0 0.5283119658119658 0.15954415954415954 0.08226495726495728 0.042735042735042764
0 0.43322649572649574 0.1581196581196581 0.09722222222222214 0.051282051282051294
0 0.33760683760683763 0.16951566951566954 0.08547008547008544 0.042735042735042764
0 0.27136752136752135 0.17806267806267806 0.05341880341880341 0.03418803418803417
0 0.13675213675213674 0.22079772079772078 0.04487179487179485 0.04558404558404558
0 0.20833333333333331 0.30982905982905984 0.08333333333333336 0.09259259259259252
0 0.15918803418803418 0.3924501424501425 0.094017094017094 0.11253561253561259
0 0.13247863247863248 0.32193732193732194 0.06623931623931624 0.0826210826210826
0 0.10844017094017094 0.28561253561253563 0.04380341880341883 0.029914529914529916
0 0.10256410256410256 0.26424501424501423 0.04273504273504274 0.04985754985754984
0 0.09722222222222221 0.23290598290598286 0.03205128205128207 0.03276353276353272
0 0.4903846153846153 0.06125356125356125 0.0363247863247863 0.03133903133903134
0 0.09183968413871772 0.20971508694139807 0.029169406312200517 0.03494692157210458
0 0.08972595904363048 0.1916779661299894 0.018600780836765283 0.018600780836765307
0 0.09374203672429539 0.18125025566089378 0.019869015893816986 0.012964180583199685
0 0.0991320357167672 0.16899065010938982 0.019657643384308046 0.023391891052295322
0 0.10272536837841478 0.15912659966565076 0.01585293821315183 0.012118690545164963
0 0.11044046497548202 0.14996712425360748 0.01817803581774745 0.01803712081140832
0 0.11826124782730357 0.1403849038225468 0.016909800760695308 0.016346140735338802
0 0.08105968615377393 0.13601653862603386 0.013527840608556243 0.009864050443738925
0 0.15641398579362234 0.0921919716545652 0.013316468099047575 0.014091500633912749
0 0.09744105564069748 0.11234281756106045 0.01035725296592588 0.01042771046909543
0 0.10061164328332786 0.10571981226312147 0.009511762927891123 0.007327580329634653
0 0.08761223394854334 0.12756163824568623 0.012259605551504097 0.01042771046909543
0 0.08740086143903465 0.10881994240258226 0.012682350570521467 0.0107095404817737
0 0.09131125286494544 0.10149236207294765 0.006975292813786833 0.00676392030427813
0 0.10187987834038001 0.09796948691446943 0.008666272889856347 0.007609410342312888
0 0.09109988035543674 0.10078778704125199 0.006552547794769445 0.007045750316956383
0 0.09215674290298022 0.09754674189545208 0.009511762927891123 0.010145880456417195
0 0.10505046598301035 0.09289654668626085 0.010357252965925863 0.009300390418382402
0 0.1634949648621635 0.08303249624252192 0.013105095589538873 0.017755290798730065
0 0.17068163018545904 0.07640949094458294 0.01056862547543453 0.016346140735338802
0 0.17913653056580664 0.07035014567200046 0.012259605551504045 0.01437333064659101
0 0.18769711720090868 0.06316348034870495 0.010779997984943286 0.012964180583199729
0 0.21961436613672103 0.07119563571003523 0.020503133422343042 0.015500650697304028
0 0.22637828644099917 0.07119563571003522 0.02261685851742996 0.01719163077337354
0 0.21443573965375923 0.0854280513502876 0.010991370494449749 0.012400520557844168
0 0.21961436613672106 0.08669628640733926 0.012048233041995466 0.012682350570521467
0 0.19763162514781712 0.08768269145171313 0.01754391828922138 0.01296418058319972
0 0.18558339210582173 0.08458256131225234 0.01077999798494325 0.010709540481773683
0 0.19055064607927596 0.07218204075440911 0.01141411551346934 0.009582220431060672
0 0.1979486839120805 0.06781367555789632 0.01183686053248594 0.009300390418382123
0 0.20967985818981255 0.05964060519022676 0.01331646809904754 0.00930039041838241
0 0.20059084028093885 0.05823145512683548 0.014161958137082315 0.009864050443738925
0 0.11667595400598837 0.08627354138832186 0.009089017908873717 0.007327580329634636
0 0.08856341024133246 0.1192476528716777 0.012893723080030171 0.009018560405704151
0 0.2114765245206364 0.05284312737717282 0.016487055741677956 0.013809670621234496
0 0.24149142087087058 0.0717257382266159 0.018600780836764804 0.02451921110300817
0 0.4644894184025399 0.06186168778287698 0.02790117125514726 0.02226457100158214
0 0.46639177098811807 0.04706561211726859 0.02451921110300816 0.02029176091283436
0 0.48710627691996977 0.04734744212994684 0.02367372106497335 0.021419080963547377
0 0.5275841124908842 0.05087031728842503 0.030226268859742902 0.02339189105229517
0 0.5026421563688587 0.04932025221869463 0.018389408327256048 0.020855420938190868
0 0.5711268494496747 0.05636600253565101 0.03191724893581224 0.028183001267825504
0 0.5848660625677397 0.06214351779555523 0.0234623485554647 0.02339189105229517
0 0.6222789967507779 0.07186665323295502 0.0416403843732121 0.019728100887477843
0 0.6685695763331814 0.08962194403168511 0.02811254376465598 0.025364701141042955
0 0.7349405443189104 0.11738220028049323 0.052631754867664 0.04762927214262509
0 0.7560777952697806 0.11005461995085876 0.020925878441358837 0.02282823102693897
0 0.7678089695475119 0.1003314845134588 0.00211372509508692 0.0022546401014260377
