0 0.02467105263157894 0.9102443609022557 0.04934210526315788 0.17951127819548873
0 0.21569548872180447 0.894736842105263 0.13251879699248117 0.21052631578947356
0 0.6379229323308271 0.7410714285714286 0.1889097744360903 0.3092105263157894
0 0.7845394736842104 0.5939849624060151 0.1607142857142857 0.24060150375939857
0 0.8828712406015043 0.8999060150375938 0.18679511278195587 0.20018796992481158
0 0.653078007518797 0.3533834586466165 0.0754229323308271 0.09022556390977446
0 0.43562030075187963 0.3458646616541353 0.07894736842105267 0.09398496240601499
0 0.44725093984962405 0.2542293233082706 0.05991541353383453 0.06860902255639076
0 0.49659304511278185 0.24107142857142855 0.07542293233082693 0.07236842105263148
0 0.5625 0.3096804511278195 0.09727443609022562 0.09116541353383463
0 0.6640037593984962 0.28900375939849626 0.09022556390977442 0.07988721804511283
0 0.6981907894736841 0.2843045112781955 0.08106203007518795 0.06296992481203027
0 0.6319313909774436 0.21945488721804512 0.0711936090225565 0.05733082706766915
0 0.5889332706766917 0.22180451127819548 0.06837406015037593 0.06578947368421055
0 0.5434680451127818 0.23449248120300745 0.06343984962405991 0.0516917293233081
0 0.399671052631579 0.2706766917293232 0.060620300751879845 0.07330827067669173
0 0.3436325187969926 0.29088345864661663 0.05850563909774433 0.07988721804511281
0 0.2766682330827069 0.30216165413533813 0.05286654135338344 0.08176691729323317
0 0.28618421052631576 0.3890977443609022 0.05780075187969924 0.10902255639097745
0 0.20617951127819545 0.4168233082706767 0.059915413533834574 0.10996240601503765
0 0.22485902255639098 0.3181390977443609 0.04511278195488724 0.07612781954887214
0 0.08070958646616541 0.4779135338345864 0.08670112781954888 0.13439849624060152
0 0.00881109022556391 0.5037593984962404 0.01762218045112782 0.07142857142857136
0 0.11031484962406016 0.3703007518796993 0.05709586466165413 0.09962406015037609
0 0.16339849624059963 0.35297368421052366 0.058390977443605975 0.09164661654135609
0 0.029957706766917294 0.3190789473684211 0.044407894736842105 0.07048872180451131
0 0.09025000000000005 0.2808333333333333 0.03299999999999999 0.05699999999999996
0 0.12399999999999985 0.26199999999999934 0.0440000000000004 0.054666666666665316
0 0.16762499999999966 0.24199999999999927 0.03575000000000055 0.05599999999999872
0 0.25874999999999926 0.21116666666666592 0.033500000000001466 0.05033333333333188
0 0.30949999999999894 0.19399999999999923 0.03250000000000202 0.04333333333333191
0 0.40712499999999935 0.1666666666666664 0.03824999999999889 0.0406666666666661
0 0.46437499999999887 0.16066666666666612 0.043249999999999525 0.037333333333332934
0 0.5086249999999993 0.15349999999999972 0.04424999999999893 0.03499999999999958
0 0.554625 0.14733333333333332 0.05025000000000006 0.041333333333333326
0 0.592374999999998 0.15149999999999908 0.03874999999999609 0.03833333333333154
0 0.6238749999999995 0.14899999999999972 0.03874999999999899 0.031333333333332825
0 0.6507499999999989 0.14799999999999955 0.040499999999998086 0.029333333333332573
0 0.7649999999999977 0.21699999999999917 0.0629999999999954 0.046666666666665114
0 0.8257499999999984 0.2598333333333328 0.06800000000000292 0.05900000000000085
0 0.8408305924125676 0.2548070170968722 0.06491776388425058 0.06255262964200105
0 0.8640345708466358 0.26012280344164224 0.04246383428359048 0.05234212805953258
0 0.8784029981570953 0.25918201355821924 0.03271383003720736 0.03917106969161024
0 0.8908470825241905 0.2604649088537958 0.03374014627366818 0.03934212239768735
0 0.9034194564208423 0.26063596155987273 0.030661197564284468 0.03626317368830329
0 0.9070757080132361 0.2543070114350273 0.04618423064076345 0.048921073937993914
0 0.9251003869160896 0.25866885543998835 0.024759879204631546 0.03540791015791875
0 0.9313224290996369 0.259353066264296 0.020269745670112797 0.03232896144853452
0 0.9360049969284922 0.2582412236747961 0.02681251167755434 0.029763170857380956
0 0.9663454706688835 0.2600372770886042 0.021552640965688853 0.023092115320380923
0 0.9410082885812419 0.24002411047760622 0.019628298022325234 0.02240790449607454
0 0.9581349407771914 0.23805700435772179 0.0259144849706507 0.024631589675074127
0 0.9102829462521782 0.21778725868760887 0.019243429433651496 0.021381588259613015
0 0.7916151314113294 0.21855699586495533 0.04207896569492246 0.03797370074907329
0 0.7958486858867317 0.20358988408322587 0.05567765582803327 0.04772370499545575
0 0.8227894870938463 0.2153925208025326 0.03027632897561269 0.027197380266227995
0 0.8366447562860722 0.21830041680583956 0.027967117443574788 0.029592118151304258
0 0.8429309432343993 0.21564909986164757 0.045157914404304986 0.04652633605291756
0 0.8640345708466364 0.2211227864561086 0.034253304391901135 0.03728948992476523
0 0.870513192089301 0.2194122593953399 0.0366908054534903 0.038657911573378695
0 0.8796858934526722 0.2163333106859551 0.02450330014551611 0.0239473788507663
0 0.886870107107903 0.21881357492407033 0.037332253101281854 0.03403948850930323
0 0.8753240494477127 0.18614250806338206 0.027325669795788182 0.02240790449607456
0 0.9734999999999985 0.40533333333333277 0.052999999999997216 0.08399999999999899
0 0.9783749999999977 0.3736666666666658 0.043249999999995306 0.041999999999998504
0 0.9902499999999976 0.3644999999999989 0.019499999999995882 0.02233333333333156
0 0.9906249999999974 0.3513333333333326 0.018749999999995003 0.014666666666665398
0 0.9899999999999983 0.34333333333333277 0.019999999999996763 0.013333333333332318
