0 0.32001879699248037 0.501939849624059 0.13674812030075173 0.13521804511278007
0 0.6139567669172934 0.34163533834586457 0.09304511278195501 0.10808270676691721
0 0.741188909774436 0.41917293233082703 0.06696428571428543 0.09586466165413525
0 0.8726503759398494 0.4957706766917292 0.06203007518796962 0.12312030075187932
0 0.9515977443609026 0.40178571428571425 0.04229323308270679 0.0761278195488721
0 0.9131813909774437 0.37546992481203 0.03594924812030064 0.05357142857142858
0 0.8719454887218044 0.35150375939849626 0.04652255639097714 0.0770676691729323
0 0.8102678571428567 0.3176691729323307 0.03312969924812001 0.05451127819548876
0 0.7637453007518793 0.28383458646616533 0.04722744360902201 0.0808270676691729
0 0.7168703007518787 0.26785714285714285 0.036654135338345904 0.048872180451127865
0 0.6841607142857137 0.2514097744360897 0.036084586466166614 0.04793233082706752
0 0.6460291353383455 0.22603383458646628 0.05286654135338306 0.0723684210526317
0 0.6038261278195417 0.22153132832080033 0.04526879699248087 0.04002005012531165
0 0.5653195488721803 0.2091165413533836 0.036654135338345654 0.03477443609022559
0 0.5364191729323308 0.20159774436090225 0.04511278195488721 0.03477443609022556
0 0.34268796992481043 0.2321428571428554 0.07426315789473785 0.04511278195488686
0 0.32354323308270677 0.21475563909774434 0.07189849624060152 0.06109022556390976
0 0.14238721804511273 0.23778195488721804 0.03524436090225563 0.04135338345864656
0 0.2308505639097745 0.40178571428571425 0.1120770676691729 0.08740601503759388
0 0.17516447368421045 0.35902255639097747 0.09797932330827062 0.0770676691729325
0 0.0137453007518797 0.32283834586466165 0.0274906015037594 0.04981203007518797
0 0.47924999999999995 0.18449999999999997 0.036250000000000074 0.03033333333333335
0 0.5119999999999999 0.19299999999999998 0.04225000000000002 0.033333333333333395
0 0.07849999999999953 0.27883333333332977 0.023 0.04899999999999806
0 0.9934999999999927 0.4404999999999988 0.012999999999996131 0.040333333333333596
0 0.5862104880414889 0.07528119293433468 0.005870772816313377 0.005257408492220881
0 0.6355425043934949 0.08696432291704774 0.004819291117869185 0.005023745892566627
0 0.6406246659359742 0.08842471416488679 0.0065717606152747325 0.005140577192393578
0 0.6963531959535163 0.10752663168662276 0.005345031967091245 0.007126709289454958
0 0.7019172866077832 0.11003850463290599 0.00595839629118453 0.006075227591010901
0 0.7086204824353645 0.11225829932962139 0.006396513665534073 0.007009877989627564
0 0.7232974144761484 0.11763253912166956 0.007886112738331121 0.009346503986170446
0 0.7283795760186282 0.11827511127071876 0.004731667642998616 0.005257408492220872
