0 0.30979793233082686 0.7495300751879698 0.15718984962405977 0.301691729323308
0 0.23860432330827058 0.4924812030075189 0.09656954887218029 0.18984962406015066
0 0.5949248120300751 0.49577067669172936 0.1550751879699246 0.18703007518797002
0 0.6749295112781957 0.4487781954887219 0.14309210526315838 0.14379699248120317
0 0.5364191729323309 0.33317669172932335 0.09868421052631586 0.10056390977443615
0 0.745065789473684 0.3707706766917292 0.1325187969924809 0.13439849624060127
0 0.7827772556390977 0.3482142857142858 0.09797932330826953 0.0892857142857144
0 0.8032189849624061 0.3223684210526316 0.1050281954887223 0.09022556390977429
0 0.8130874060150373 0.28994360902255645 0.09093045112781908 0.06672932330827071
0 0.7034774436090223 0.24812030075187985 0.09163533834586436 0.08646616541353407
0 0.9507753759398488 0.9332706766917294 0.09844924812029959 0.1334586466165414
0 0.9779135338345865 0.7988721804511281 0.04417293233082677 0.15977443609022593
0 0.9863721804511215 0.3410238095238087 0.02725563909774406 0.0673859649122822
0 0.870535714285714 0.2979323308270677 0.06625939849624055 0.062030075187970136
0 0.09410244360902255 0.3698308270676691 0.04863721804511278 0.0949248120300752
0 0.04969454887218044 0.3449248120300752 0.04440789473684209 0.07518796992481204
0 0.18756914885221293 0.25140977443609014 0.036515837633921674 0.06109022556390961
0 0.3542058270676691 0.1799812030075188 0.05004699248120299 0.049812030075187905
0 0.4320958646616543 0.19454887218045108 0.0634398496240604 0.05075187969924808
0 0.43456296992481214 0.15789473684210528 0.05709586466165429 0.045112781954887236
0 0.5180921052631579 0.1738721804511278 0.06625939849624075 0.054511278195488656
0 0.6243749999999983 0.1489999999999994 0.06324999999999657 0.04466666666666561
0 0.6457500000000002 0.14333333333333326 0.05649999999999991 0.04666666666666664
0 0.7487499999999981 0.22249999999999925 0.11349999999999656 0.08499999999999867
0 0.870624999999999 0.2699999999999998 0.07474999999999833 0.07066666666666625
0 0.8802499999999981 0.2543333333333325 0.05499999999999592 0.046666666666665135
0 0.8897499999999988 0.2428333333333331 0.06049999999999746 0.050333333333332855
0 0.988 0.27733333333333327 0.020500000000000115 0.03466666666666658
0 0.9407499999999962 0.2401666666666661 0.02299999999999871 0.030999999999999635
0 0.9144999999999968 0.22049999999999886 0.020999999999993357 0.026999999999997804
0 0.8937499999999976 0.2073333333333327 0.02499999999999543 0.02599999999999887
0 0.87 0.19049999999999997 0.026499999999999916 0.029000000000000022
0 0.8476249999999979 0.17733333333333295 0.02424999999999605 0.025999999999999236
0 0.8236249999999984 0.16349999999999962 0.02874999999999743 0.026333333333332664
0 0.8008749999999984 0.15216666666666653 0.029249999999997615 0.024333333333333106
0 0.7799999999999976 0.14016666666666627 0.023499999999996014 0.022999999999999313
0 0.7606249999999988 0.131833333333333 0.03224999999999774 0.022333333333332726
0 0.7417499999999998 0.12249999999999998 0.02549999999999997 0.020999999999999977
0 0.7259999999999996 0.11533333333333332 0.030500000000000256 0.021999999999999992
0 0.7041249999999999 0.10733333333333332 0.02825000000000003 0.02
0 0.6856249999999987 0.09983333333333323 0.027249999999997564 0.01966666666666682
0 0.67125 0.09116666666666667 0.03450000000000003 0.02566666666666668
0 0.6508749999999988 0.08883333333333286 0.022249999999997577 0.01699999999999995
0 0.6266249999999983 0.08066666666666618 0.02774999999999667 0.017999999999999884
0 0.612625 0.07566666666666666 0.02825000000000003 0.015333333333333332
0 0.5984999999999995 0.07166666666666659 0.026999999999998896 0.015999999999999834
0 0.5942499999999992 0.12033333333333313 0.045499999999998354 0.032666666666666275
0 0.52475 0.13566666666666666 0.055999999999999946 0.03866666666666669
0 0.49524999999999897 0.13833333333333298 0.055999999999998135 0.03266666666666596
0 0.48487499999999956 0.10183333333333325 0.03824999999999901 0.02633333333333319
0 0.5108749999999983 0.09849999999999975 0.028749999999996688 0.023666666666666173
0 0.5759999999999945 0.09183333333333296 0.03199999999999927 0.01966666666666624
0 0.573625 0.066 0.02275000000000006 0.01666666666666667
0 0.5608749999999999 0.063 0.020249999999999914 0.013999999999999995
0 0.549375 0.06016666666666666 0.024249999999999973 0.015666666666666666
0 0.48762500000000003 0.07 0.024250000000000042 0.01466666666666666
0 0.4625 0.09116666666666667 0.033500000000000085 0.024333333333333318
0 0.36412500000000003 0.12899999999999998 0.03375 0.02933333333333332
0 0.35524999999999957 0.09516666666666655 0.0249999999999992 0.023666666666666433
0 0.3741249999999999 0.0833333333333333 0.02224999999999974 0.017333333333333284
0 0.528587553716751 0.05616515604035085 0.024554615957340226 0.015240796111452
0 0.5187092599408103 0.05616515604035088 0.023990142027286804 0.012982900391236986
0 0.5005755349378318 0.05287239144837046 0.021873364789583852 0.013547374321290682
0 0.4684005209247672 0.04816844203125567 0.022437838719638586 0.013547374321290629
0 0.45203077695320737 0.047980284054571054 0.0167930994191006 0.012418426461183095
0 0.45845166790756936 0.04910923191467862 0.012418426461183773 0.010913162647706339
0 0.4426463978660631 0.04882699494965172 0.011007241636048732 0.010348688717652576
0 0.4374955732543222 0.04882699494965172 0.012841781908723461 0.010348688717652576
0 0.43227418940132517 0.06058686849243875 0.017639810314180025 0.012794742414552277
0 0.41195312791938926 0.07498095370881003 0.02159112782455621 0.016369743971559523
0 0.3933254882276143 0.079402666160898 0.022437838719637712 0.016181585994874955
0 0.37871972528747316 0.07046516226837986 0.01919211362182754 0.015240796111452
0 0.40997746916420186 0.059363841643988946 0.019333232104344053 0.011101320624390803
0 0.4276878387196379 0.04845067899628254 0.009878293775941103 0.009972372764283399
0 0.4223958956253837 0.0492033109030209 0.008890464398347078 0.008467108950806664
0 0.41766842646118335 0.048074363042913355 0.008184871985779765 0.008467108950806655
0 0.41258816109069957 0.04750988911285956 0.008749345915833588 0.009219740857545018
0 0.4058144739300541 0.04779212607788647 0.01298290039123685 0.008655266927491247
0 0.3914909479549395 0.04798028405457107 0.014252966733857803 0.007902635020752884
0 0.3871162749970227 0.05625923502869314 0.013688492803804096 0.010536846694337179
0 0.37519176322463665 0.05861120973725053 0.0163697439715596 0.010348688717652585
0 0.3636200476585341 0.060963184445807936 0.014394085216371266 0.00827895097412207
0 0.3614327111795758 0.06613752880463424 0.016228625489046068 0.006961845137329919
0 0.3619971851096306 0.07441647977875612 0.01538191459396735 0.012230268484498485
0 0.3839866996344451 0.0484884943672541 0.005301220229656159 0.008199220621868045
0 0.37158184429704993 0.04841781143085864 0.016539807116526858 0.0074923912579139
0 0.34290224285461074 0.050184884840744015 0.012404855337395162 0.008481952367449698
0 0.34528779195795595 0.07252069274169487 0.01335907497873329 0.01130926982326626
0 0.331875704776926 0.0807199133635629 0.01791812437623754 0.014702050770246142
0 0.314646739030544 0.08559703597484652 0.020568734491065645 0.017388002353271852
0 0.31671421492010976 0.0766909859890243 0.01452534342925766 0.009471513476985507
0 0.33919138869385135 0.06813835068517919 0.013253050574140203 0.011026538077684611
0 0.32752870418860813 0.07040020464983245 0.016009685093561286 0.010461074586521261
0 0.35848783032979953 0.05725317848028542 0.010920513673091463 0.01130926982326625
0 0.34767334106130116 0.06092869117284696 0.012616904146581476 0.010743806332102937
0 0.31772144676374436 0.06729015544843422 0.014631367833850675 0.006220098402796443
0 0.30028043220817596 0.10150069666381464 0.02152295413240356 0.020922149173042578
0 0.29169245543613326 0.11613206449766553 0.020886807704844947 0.021063515045833675
0 0.2815141125951935 0.0976131351620669 0.01749402675786495 0.01512614838861863
0 0.2622176709592454 0.10397459943765415 0.017281977948678744 0.017388002353271884
0 0.24255014390722146 0.10581235578393494 0.01335907497873329 0.015408880134200251
0 0.2735622822507097 0.08821230462147688 0.013677148192512983 0.013571123787919614
0 0.2859141253858081 0.08821230462147685 0.010814489268498357 0.0121574650600113
0 0.28268038104571785 0.07796327884414174 0.012404855337395198 0.012016099187220401
0 0.30155272506329345 0.08474884073810159 0.012616904146581398 0.013147026169546877
0 0.20024640647456618 0.14249679977315485 0.018448246399203044 0.022053076155369222
0 0.2291380567261917 0.11676821092522408 0.017494026757864985 0.01781209997164435
0 0.219701884717404 0.10807420974858818 0.011344611291463984 0.012581562678383715
0 0.1979138695735175 0.13005660296756205 0.01293497736036076 0.014984782515827919
0 0.22452599512639101 0.0942203542150872 0.015055465452223542 0.018801661081180567
0 0.16165352320267018 0.1451827513561808 0.01441931902466473 0.018943026953971452
0 0.1494077044721646 0.13910401882617496 0.010920513673091463 0.012722928551174543
0 0.11388952893346911 0.16730651044794528 0.014101245810885317 0.018801661081180292
0 0.03951317510376444 0.21323780176541127 0.01778092879669405 0.023143431132205437
0 0.07782684310616451 0.15029895856441483 0.010866123153535225 0.009031582880860452
0 0.10675613202142059 0.13581079435970123 0.00804375350326632 0.007526319067383708
0 0.3943512639322861 0.0396058106413973 0.012968274280811584 0.0072435405892821115
