0 0.6934868594860168 0.17281113302333512 0.03215651410591349 0.03060599036495736
0 0.8151861196321388 0.3292117886328089 0.04863925561303233 0.086424845039373
0 0.9578774905960595 0.8986367011147182 0.08366799813111502 0.20272659777056373
0 0.5930561677105598 0.6924479792835566 0.1572381344188196 0.24965761281422372
0 0.4528401432563463 0.5887765976912097 0.19359043705509713 0.2646601504101476
0 0.27911806001910205 0.45387870624993204 0.1284808009192112 0.13977870365852843
0 0.2302480621234512 0.41000080491351426 0.11350451124151174 0.1135045112415117
0 0.16249151440910517 0.350641561147339 0.09490096171660956 0.07994776806079433
0 0.9851503644765616 0.2725778626083163 0.026362274300036573 0.0215050901463027
0 0.9780870546957501 0.2596748085205347 0.03603956486587265 0.03900578419639718
0 0.9649615341581793 0.2413584041545459 0.03826422936376602 0.029068949439140183
0 0.9507792979841088 0.22400602107097753 0.032591334894137985 0.030255437171349903
