0 0.9817904135338346 0.8881578947368421 0.03641917293233092 0.10902255639097745
0 0.9779135338345865 0.5968045112781954 0.04417293233082699 0.17857142857142835
0 0.9315084586466165 0.5639097744360901 0.07401315789473685 0.17293233082706763
0 0.8694783834586466 0.5249060150375939 0.0711936090225565 0.16447368421052622
0 0.7954652255639096 0.47885338345864653 0.08529135338345867 0.20582706766917291
0 0.7133458646616543 0.44595864661654133 0.08176691729323352 0.16259398496240593
0 0.4934210526315789 0.34257518796992487 0.09868421052631585 0.12499999999999996
0 0.42645676691729306 0.32283834586466165 0.09868421052631553 0.10620300751879702
0 0.3274201127819548 0.29135338345864664 0.08388157894736847 0.08834586466165421
0 0.28900375939849643 0.27772556390977443 0.07471804511278202 0.08552631578947373
0 0.25552161654135336 0.26879699248120303 0.09234022556390975 0.08646616541353386
0 0.22485902255639098 0.2716165413533835 0.0662593984962406 0.07706766917293237
0 0.19913063909774437 0.26315789473684215 0.0726033834586466 0.07330827067669173
0 0.17657424812030073 0.25610902255639095 0.06132518796992482 0.07048872180451131
0 0.1455592105263158 0.24671052631578946 0.0542763157894737 0.06109022556390979
0 0.023613721804511278 0.538533834586466 0.047227443609022556 0.10338345864661617
0 0.09694058436501124 0.23849312919650778 0.05136404096952087 0.05064060377276707
0 0.07668434285590442 0.23945771212551287 0.03544842264093694 0.038101025695700945
0 0.08084410673723853 0.23632281760624566 0.019894522910729292 0.024114573225128454
0 0.0564281013467976 0.2500681243445688 0.009404683557799602 0.016880201257589034
0 0.06203473962163967 0.23921656639326158 0.031469518058790974 0.037618734231198374
0 0.054438649055724604 0.23921656639326158 0.03581014123931386 0.04051248301821367
0 0.04575740269467882 0.23487594321273872 0.02423514609125281 0.029902070799157698
0 0.03128865875960251 0.23801083773200524 0.01989452291072992 0.026526030547639898
0 0.020075382209918377 0.23776969199975395 0.02134139730423755 0.02507915615413225
0 0.00850038706185733 0.2339113602837336 0.014830462533453215 0.022185407367116987
