0 0.9804841306922263 0.16559390684703756 0.039031738615537305 0.039839291828274226
0 0.9522870643475518 0.13230476885539377 0.026783848222384877 0.03535288509085579
0 0.9228786681837745 0.1201017425296161 0.04495379550892895 0.035711797629849246
0 0.7095500278195384 0.15240387103902825 0.04952993038109777 0.036788535246830116
0 0.533099650836876 0.07757060665889078 0.029071915658469883 0.032122672239915065
0 0.2992456996489471 0.12072983947285483 0.02947569226483843 0.03158430343142482
0 0.23048981586402337 0.13367075519982607 0.026909916165351787 0.03342846728615147
0 0.07500565739931166 0.18531773715692984 0.021644932567782854 0.029305622987525943
0 0.054112865345467054 0.1996919780899751 0.01997350920347532 0.030197048781823582
0 0.009318185256014709 0.1962377031370729 0.018636370512029418 0.024848494016038943
0 0.015001024694660445 0.2289976010775011 0.025823490978551966 0.02975133588467487
0 0.0021728503735998403 0.23846900014191066 0.004345700747199681 0.0226199295302956
0 0.021728503735998387 0.25529466200927325 0.032592755603997575 0.04000273251909487
0 0.032258470931136006 0.2667160549987086 0.030754189903259118 0.044125576817719815
0 0.06301266083439537 0.24576754883272123 0.03292704027685913 0.04390272036914609
0 0.09744398213913133 0.28376457331464594 0.04178558410768922 0.07131406354378986
0 0.1831880007281098 0.22649046603103964 0.04111701476196626 0.052371265414970454
0 0.26124347184127417 0.24002899528193203 0.06735836158159558 0.06652264989944154
0 0.17963622607895643 0.28192600761390707 0.04654914069596618 0.07343119980524627
0 0.019526502091737265 0.33983163807861244 0.03905300418347453 0.07261231358884558
0 0.10897822327109187 0.5856334916585731 0.10045405418249867 0.2269614661947487
0 0.20326864749722298 0.5118447869327 0.0933724367858213 0.20807715313694236
0 0.35067120219843545 0.42773965192524716 0.10071633630830251 0.16506288450527243
0 0.5164335057058485 0.3539509471993734 0.1232725991273492 0.15247334246673455
0 0.6263297164172497 0.29047867275507905 0.11855152086289701 0.12484629188216562
0 0.7259969242223397 0.2717692144478077 0.08707766576655289 0.07553725223122629
0 0.5334818438830347 0.14307611805386686 0.062423145941083016 0.05175700615843273
0 0.46778017136941613 0.16370897861702605 0.06583281357652086 0.06015003418412461
0 0.5637924777514395 0.5683613394007011 0.1824827890273429 0.2103048026587594
0 0.6553512336373334 0.5097552726638029 0.17708764569958263 0.20395757521433105
0 0.75799903936388 0.4229861460525141 0.14497048408013144 0.1513288386450488
0 0.8047329454160277 0.38880999026607965 0.13066418630906537 0.12939251539608146
0 0.4631291007650988 0.6701845703904183 0.19095633766565875 0.28532903105191687
0 0.25279785132531923 0.7765429449342407 0.15360290415519187 0.3202387819962794
0 0.13562438241884572 0.8547754360714549 0.1323079560791316 0.2904491278570892
0 0.04119350611434689 0.8766522133299216 0.08238701222869378 0.24669557334015615
0 0.9620666346979289 0.9579481550365594 0.07586673060413499 0.08410368992686697
0 0.9821171277861609 0.8498561274329561 0.03576574442766312 0.12051972061685548
