0 0.9571562147501015 0.9032528665288487 0.08568757049979708 0.14502453009393265
0 0.061019936568037364 0.9790349154108242 0.09203479794422659 0.041930169178351864
0 0.016589344457031415 0.9399898496163037 0.03317868891406283 0.11155733084148664
0 0.06910008619044614 0.47322492721040305 0.08647683578575918 0.11117674807861569
0 0.14507267356155096 0.49146486244205095 0.10227392254888279 0.1385366509260875
0 0.279105254766895 0.5219038400702938 0.11330745479838412 0.1726214441797991
0 0.36645249374764577 0.5142068154017285 0.1065819183944383 0.20601068790334381
0 0.46147015477713943 0.5375737684278024 0.08488403344165547 0.19361189650175356
0 0.6549628321308006 0.5580794618996628 0.08702997810731525 0.18502811783911427
0 0.8179354075728554 0.570160335573007 0.10062096098982763 0.17485475053524552
0 0.9800803540858627 0.5510699659632996 0.03983929182827467 0.061553500437379186
0 0.9681016480969558 0.5816672599124925 0.06352751940184334 0.08829248459239239
