0 0.7666375161963898 0.8002547691079588 0.21084218816382264 0.28286361673164934
0 0.8508438390234261 0.6013798878058615 0.15339911522754918 0.20018040568701342
0 0.8841347108387655 0.4769198964439365 0.1390383469934828 0.15318152783006325
0 0.900353561905412 0.39379006724007387 0.08872322675983585 0.11294749135255289
0 0.8983472577827023 0.3319661772365717 0.07490202058116861 0.09154691404364869
0 0.9271042835415436 0.19761810857511594 0.0316550206027548 0.03685654980978079
0 0.9094933917977579 0.15481695395730719 0.011591979375656645 0.019022735385692977
0 0.1489123504411273 0.5569694692204711 0.10165274221729687 0.19438857722255043
0 0.3198940462320619 0.42351309128021897 0.12439085560800739 0.17596030231765783
0 0.519155778590551 0.29009671463181697 0.11636563911716893 0.11889209616058079
0 0.5804595156733503 0.2716684397269268 0.11235303087174882 0.11413641231415793
0 0.6610359317530896 0.2378706583931131 0.10238230735282697 0.0816680598757907
0 0.6972912658493305 0.20643991242428134 0.07863090905165634 0.07673944388546546
0 0.7915902467948891 0.1652997239080422 0.05552801309318014 0.05133976879661436
0 0.8090141219723245 0.16239251037664082 0.03859772151378069 0.04250437348885555
0 0.8275316523341962 0.1497870466703871 0.035941198170728945 0.028961313308583096
0 0.8429238611160084 0.1495786918983829 0.034534803459693994 0.03437853738069182
0 0.8505027659476572 0.14197374272022986 0.0284404263785812 0.029169668080587217
0 0.859722464608851 0.14301551658025022 0.02156471890244102 0.028336248992568817
0 0.8628477861889103 0.1418695653342279 0.02312737969246527 0.025627636956515775
0 0.8639416487419358 0.138640066368162 0.024064976166487066 0.025419282184511078
0 0.863160318346919 0.13374372922606387 0.02437750832449147 0.02104383197242314
0 0.8332353642178145 0.11895054041376665 0.024221242245487527 0.022293960604448663
0 0.825422060267659 0.12103408813380845 0.026096435193522272 0.02271067014845735
0 0.7798704982382404 0.10697014102352555 0.018439397322371036 0.02208560583244447
0 0.7299434859967344 0.13999437238618997 0.04547342898991482 0.03521195646870852
0 0.6990809353936143 0.14207792010623202 0.056880852757144856 0.048546661876976885
0 0.7483828833191067 0.09582316072130126 0.024533774403493712 0.02312737969246541
0 0.6974401415640815 0.1004069657053935 0.03078441756361954 0.02854460376457446
0 0.518671747184485 0.18906192119317708 0.08328982010867642 0.06875707476138312
0 0.4317096742192333 0.22166944301183378 0.08594634345173002 0.0873006494697571
0 0.31513517928288776 0.28136308519103514 0.08688393992574812 0.1008437096500295
0 0.12629120130079607 0.4110754215293215 0.07069585237696807 0.13818865642617661
0 0.01801302863865192 0.5028567885218159 0.03602605727730383 0.1479942550402239
0 0.024209211234118667 0.3373597046837201 0.0429370916227765 0.07349043577988222
0 0.06653726609628842 0.30508075637156196 0.04171901810156298 0.08526514648494618
0 0.03349702183337173 0.282343383975576 0.03715124239701229 0.05440728394753725
0 0.1986982431479552 0.2297632103098593 0.05085456951066446 0.06618199465260119
0 0.1444939714539536 0.21453729129469035 0.03562865049549539 0.060903676060675996
0 0.2232119727623771 0.17271676706635958 0.04263257324247334 0.04953498986268319
0 0.3261391853049193 0.1595209705865464 0.0535952349333949 0.05075306338389675
0 0.2935557186124578 0.13820468396530988 0.04811390408793392 0.04953498986268319
0 0.3265959628753744 0.12561792424610346 0.04659131218641695 0.03491810760812106
0 0.3587226519973808 0.11404622579457509 0.047504867327327505 0.03776027915761917
0 0.3983100414368204 0.13353540213399132 0.05846752901824896 0.04588076929904267
0 0.5318413511998518 0.07572357056877368 0.040500944580350334 0.032075936058622655
0 0.641315708918915 0.09358864887990524 0.02984280126972982 0.023955445917199194
0 0.6856231332530589 0.08039285240009217 0.030756356410641245 0.024361470424270344
0 0.7168362672341547 0.08587418324555302 0.02923376450912402 0.024767494931341512
0 0.6901909089576089 0.07064826423038405 0.028929246128820973 0.023549421410128016
0 0.6705494734280412 0.06719705592027904 0.024970507184876006 0.018271102818202788
0 0.6577597014552993 0.06800910493442139 0.034106058593979076 0.025579543945483847
0 0.7546011702191052 0.07569657688500775 0.03884774724018186 0.0387331521155795
0 0.7789239854159449 0.07970740624608844 0.022174156610546378 0.018335219936368986
0 0.791558097903349 0.07982200137069077 0.019595766306994448 0.017647649188755166
0 0.5382742237511018 0.040222888735409475 0.03386285931998159 0.01948117118239206
0 0.5485877849653079 0.020970907802222036 0.02011144436770248 0.013522224703072128
0 0.531484462618415 0.01214708320784446 0.01787683943795983 0.012376273457049072
0 0.45971926583622036 0.012261678332446766 0.019767658993898422 0.013063844204662911
0 0.481979368790217 0.043775337598080985 0.031972039764044065 0.019710361431596657
0 0.4780258369914391 0.05592242080592543 0.03644124962353331 0.02291902492046124
0 0.4490619192482065 0.044692098594899435 0.03386285931998152 0.02658606890773503
0 0.4176055575448733 0.051109425572628576 0.026299581096229402 0.01696007844114132
0 0.30867498824481615 0.08139347915128006 0.03369440448681612 0.025236138339919893
0 0.28517210116450586 0.08915844479433231 0.028702640859139227 0.02357221713069433
0 0.27498058375800016 0.039656788819874104 0.01580725148764212 0.012202088867653565
0 0.25594948492748365 0.08083883874820488 0.024750827987229166 0.024681497936844713
0 0.27456460345569356 0.10593631698735569 0.032030483277590775 0.029395941362983534
0 0.2500217656196177 0.1178610856534716 0.032446463579897056 0.03216914337835932
0 0.19355243958152776 0.056711981214435346 0.0197590643595527 0.014697970681491791
0 0.22142311983605467 0.07348985340745898 0.018927103754939976 0.018303133301480343
0 0.18960062670961725 0.0859692624766501 0.01809514315032718 0.018857773704555506
0 0.21403946947011654 0.09567546953046549 0.022462936324544103 0.022185616123006468
0 0.20249601608111475 0.09331824781739603 0.016847202243408105 0.01968973430916826
0 0.19043258731423002 0.10621363718889348 0.022670926475697253 0.022740256526081623
0 0.1708815131058305 0.11591984424270885 0.02059102496416544 0.023849537332232
0 0.21258353841204428 0.11799974575424078 0.023710877231463288 0.028009340355295745
0 0.18804070057596822 0.12659667200190586 0.021214995417625362 0.025790778742994916
0 0.1942804051105639 0.14351320429569825 0.030366562068365098 0.03521966559527281
0 0.1654737691758476 0.15613127346565817 0.02475082798722896 0.0338330645875849
0 0.16224992183297332 0.14046268207878485 0.02163097571993135 0.027454699952220524
0 0.1516424241241608 0.12326882958345475 0.01331136967380394 0.024126857533769572
0 0.12044390145118296 0.08444400136819344 0.008735586348433824 0.010815487859965653
0 0.13552318740978886 0.1727704855579131 0.028910631010293075 0.040488749424486686
0 0.13001144840422946 0.13782814016417785 0.019967054510706014 0.026068098944532547
0 0.1238757389452105 0.12007964726577265 0.015599261336488974 0.01996705451070583
0 0.10734052192853218 0.12742863260651854 0.014975290883029492 0.01636189189071725
0 0.10567660071930676 0.1393534012726345 0.015391271185335781 0.016361891890717305
0 0.10796449238199182 0.14892094822568105 0.019135093906093106 0.024404177735307092
0 0.10796449238199178 0.17387976636406338 0.02287891662685039 0.03494234539373511
0 0.07821117254107399 0.21064611295040728 0.02681525915693963 0.038733152115579476
0 0.0828522750874674 0.18635194653471832 0.023377405418870435 0.029565542147394982
0 0.050880235323423964 0.22794997676535553 0.028190400652167328 0.04812995233296855
0 0.024322815196839497 0.2475457430723499 0.027674722591456962 0.046067240090126964
0 0.007907063597559124 0.266339343507128 0.01581412719511825 0.03414934713148715
0 0.00807895628446258 0.24138052501902912 0.01615791256892516 0.02594433551052912
0 0.007821117254107404 0.22073048391541028 0.01564223450821481 0.02727363965534888
0 0.05560728421326911 0.20411419084807597 0.024236868853387786 0.024752546914098016
0 0.012204380770145615 0.20457257134648496 0.020283337054608205 0.022460644422052038
0 0.010055722183852365 0.19162332226642448 0.018736302872477056 0.022689834671256466
0 0.029479595803943274 0.19288386863704987 0.01701737600344247 0.029794732396599563
0 0.043832635160382105 0.1919671076402313 0.021658478549835825 0.03346177638387342
0 0.005930297698169348 0.15829905968235725 0.011860595396338696 0.01746429628995834
0 0.04288722538241311 0.1337527843422598 0.01220438077014562 0.014668175949095197
0 0.04761427427225824 0.1507128627834012 0.01822062481176668 0.021085502926824352
0 0.0642019185584421 0.1784448829371593 0.01770494675105631 0.02246064442205209
0 0.06686625520544567 0.16492265823408708 0.016157912568925185 0.023377405418870456
0 0.07348412365122886 0.14647284317311576 0.017704946751056314 0.020856312677619684
0 0.08629012882553663 0.1619431849944272 0.020627122428415134 0.02658606890773494
0 0.08078956284462592 0.12596031586930306 0.012376273457049093 0.01604331744432271
0 0.09376746070583707 0.11816784739634616 0.014267093012987111 0.019251980933187446
0 0.0727106065601633 0.11541756440589085 0.009625990466593702 0.01237627345704901
0 0.08156307993569145 0.10980240330037777 0.010141668527304092 0.011688702709435237
