0 0.09128289473684208 0.5037593984962406 0.07824248120300757 0.14849624060150374
0 0.2319078947368421 0.4332706766917292 0.060620300751879685 0.09398496240601467
0 0.35984492481203006 0.36513157894736836 0.08247180451127821 0.07800751879699235
0 0.5445253759398496 0.2946428571428569 0.0740131578947368 0.053571428571428055
0 0.6178336466165415 0.27255639097744366 0.07401315789473711 0.052631578947368356
0 0.6520206766917294 0.26738721804511273 0.06203007518797002 0.04793233082706772
0 0.7235667293233081 0.24906015037593987 0.059915413533834734 0.04135338345864664
0 0.021499060150375945 0.40225563909774437 0.04158834586466166 0.056390977443609304
0 0.061677631578947366 0.3651315789473686 0.048637218045112715 0.10056390977443627
0 0.10467575187969924 0.35150375939849626 0.0331296992481203 0.058270676691729334
0 0.14027255639097744 0.3336466165413533 0.03806390977443609 0.06015037593984964
0 0.18609022556390978 0.3049812030075188 0.04370300751879696 0.08176691729323299
0 0.23789943609022557 0.29229323308270677 0.034539473684210516 0.04887218045112785
0 0.29887218045112773 0.26597744360902265 0.05498120300751854 0.060150375939849836
0 0.18327067669172933 0.25 0.04511278195488714 0.03947368421052632
0 0.37464755639097747 0.23684210526315788 0.05427631578947363 0.052631578947368425
0 0.4342105263157896 0.22415413533834586 0.040883458646616584 0.04041353383458643
0 0.49624060150375937 0.2138157894736842 0.043703007518796966 0.032894736842105275
0 0.5892857142857143 0.1973684210526316 0.05498120300751887 0.03947368421052635
0 0.609375 0.19031954887218042 0.06132518796992485 0.05545112781954888
0 0.6583646616541357 0.1945488721804511 0.038063909774436355 0.02631578947368417
0 0.7616306390977438 0.20864661654135347 0.024671052631579034 0.02067669172932331
0 0.9683749999999993 0.2879999999999989 0.010249999999998934 0.01666666666666658
0 0.9901249999999994 0.29583333333333284 0.009249999999999117 0.012333333333333365
0 0.9347499999999994 0.2579999999999992 0.008999999999999246 0.013333333333333364
0 0.9253749999999976 0.2501666666666655 0.010250000000001001 0.013666666666665715
0 0.9569999999999986 0.28083333333333266 0.01200000000000285 0.01633333333333215
0 0.9799999999999991 0.28699999999999964 0.00950000000000115 0.012666666666666226
0 0.9682483414344751 0.2676120818494725 0.007620398055725844 0.012606584437867774
0 0.9765037726615117 0.2663890550010226 0.006068094748078039 0.008278950974122061
0 0.9877932512625877 0.2863338005295895 0.007197042608185005 0.009784214787598767
0 0.995695886283341 0.27570287484691003 0.006350331713105115 0.007714477044068297
0 0.9943552606994627 0.2855811686228512 0.008749345915833191 0.012042110507813661
0 0.9777738390041338 0.278431165508837 0.00973717529342987 0.010913162647706344
0 0.9769271281090532 0.2730686631733258 0.0069148056431569006 0.006209213230591726
0 0.05623571528160754 0.20773265122303627 0.004939146887970551 0.005456581323853165
0 0.062374369270942365 0.20481620258442504 0.005644739300537767 0.005644739300537794
0 0.06745463464142637 0.201617516980787 0.0039513175103764375 0.00602105525390698
0 0.0849533264730935 0.1947497508317994 0.008184871985779697 0.008090792997437476
0 0.08996303260232072 0.19061027534473834 0.00437467295791679 0.004703949417114828
0 0.07916746869004224 0.1955023827385377 0.0045157914404302165 0.004703949417114792
