0 0.5614316239316239 0.43304843304843305 0.18910256410256415 0.21652421652421658
0 0.39743589743589747 0.3319088319088319 0.14102564102564102 0.1680911680911681
0 0.328525641025641 0.5527065527065527 0.16773504273504272 0.23931623931623933
0 0.23183760683760682 0.4209401709401709 0.10897435897435895 0.15242165242165234
0 0.1891025641025641 0.3390313390313391 0.08119658119658117 0.09971509971509977
0 0.15758547008547008 0.28418803418803423 0.054487179487179474 0.07264957264957264
0 0.17574786324786323 0.16880341880341881 0.03311965811965816 0.0356125356125356
0 0.12767094017094016 0.22507122507122507 0.04594017094017094 0.05413105413105413
0 0.11485042735042734 0.198005698005698 0.026709401709401705 0.03133903133903132
0 0.15771016323956874 0.15595133928141 0.025531315521663184 0.02723340322310742
0 0.14885930719205864 0.14982382355621063 0.013276284071264537 0.022240612632204105
0 0.13711490205209373 0.14301547275043386 0.01702087701444193 0.019517272309893575
0 0.12554070568227313 0.13779573713267168 0.010893361289242929 0.01452448171899059
0 0.11498776193331903 0.13325683659548715 0.012935866530975986 0.010893361289242964
0 0.10256252171277629 0.16934109586610444 0.018722964715886335 0.019517272309893627
0 0.09643500598757711 0.15799384452314302 0.013276284071264844 0.014978371772709043
0 0.10069022524118765 0.13666101199837555 0.010212526208665267 0.011347251342961417
0 0.0917981312680173 0.1503131333134266 0.012468341334934702 0.012774581297547095
0 0.11096000321433797 0.12948881585578131 0.009318444576635408 0.009974673067947765
0 0.10662889517167645 0.12703889615488187 0.009318444576635389 0.008924707481848006
0 0.09042005143626136 0.1433133627394282 0.009712181671422826 0.009274696010547902
0 0.09632610785807252 0.12126408543133317 0.006299793516598591 0.00787474189574823
0 0.08510460065663132 0.1343886552575802 0.00879346178358551 0.007174764838348402
