0 0.39754601226993863 0.5116564417177913 0.20613496932515343 0.26503067484662574
0 0.8507668711656442 0.9349693251533742 0.18680981595092022 0.12515337423312886
0 0.9776073619631902 0.7184049079754601 0.044785276073619686 0.15582822085889575
0 0.26503067484662574 0.3625766871165644 0.12699386503067484 0.1411042944785276
0 0.24938650306748464 0.12699386503067484 0.07177914110429448 0.0773006134969325
0 0.20797546012269938 0.26319018404907973 0.09018404907975458 0.11165644171779142
0 0.17024539877300612 0.21533742331288344 0.0607361963190184 0.0674846625766871
0 0.17484662576687116 0.09325153374233128 0.040490797546012265 0.0392638036809816
0 0.11226993865030675 0.13680981595092023 0.03496932515337423 0.033128834355828224
0 0.14585889570552146 0.08282208588957055 0.02300613496932513 0.02822085889570551
0 0.11549079754601227 0.0736196319018405 0.017484662576687116 0.017177914110429456
0 0.10030674846625766 0.06687116564417178 0.012883435582822074 0.013496932515337425
0 0.08236196319018405 0.09325153374233128 0.011963190184049077 0.012269938650306749
0 0.07315950920245398 0.07975460122699386 0.013803680981595097 0.009815950920245396
0 0.08880368098159508 0.06196319018404908 0.011963190184049087 0.011042944785276072
0 0.09846625766871166 0.11963190184049079 0.023926380368098136 0.020858895705521477
