0 0.9780982905982907 0.8974358974358975 0.04380341880341874 0.20512820512820512
0 0.9102564102564102 0.8717948717948718 0.14316239316239318 0.25641025641025633
0 0.9433760683760685 0.4131054131054131 0.10470085470085465 0.14245014245014245
0 0.8066239316239315 0.32977207977207984 0.14316239316239304 0.13247863247863242
0 0.6538461538461539 0.2542735042735043 0.11538461538461547 0.1267806267806268
0 0.610576923076923 0.715099715099715 0.15918803418803415 0.33618233618233617
0 0.7670940170940167 0.7813390313390312 0.16880341880341812 0.3831908831908837
0 0.44658119658119655 0.6039886039886039 0.13034188034188035 0.33333333333333337
0 0.4914529914529915 0.20655270655270655 0.13675213675213677 0.08831908831908834
0 0.3231837606837607 0.5213675213675214 0.09081196581196586 0.27350427350427337
0 0.22756410256410253 0.4337606837606839 0.09188034188034173 0.2094017094017094
0 0.234508547008547 0.16239316239316237 0.06089743589743591 0.04558404558404559
0 0.17820858234120882 0.3946975075373166 0.07046643083979004 0.16249263923120455
0 0.1405924441392919 0.36088269853529303 0.05991348709083624 0.12028086423539097
0 0.11948655664138366 0.3250253842915341 0.058551816929680894 0.10303304219408814
0 0.09174252710784289 0.31503980310972746 0.05004137842245957 0.10212526208664992
0 0.07455144132325647 0.2993805962564422 0.0537859713656371 0.08533133009906983
0 0.06076453094155838 0.28848723496719925 0.04391386269726068 0.07806908923957455
0 0.05157325735375963 0.27872859881225237 0.04391386269726067 0.0703529583263607
0 0.044935115318127196 0.2607999416903734 0.03812676451235035 0.0499279059090302
0 0.023318601509785698 0.22585040755405228 0.03370133648859539 0.028141183330544307
0 0.0283100225177724 0.2433817939773465 0.021259633768135427 0.01721017971706212
