0 0.1676363636363632 0.3484393939393928 0.04181818181818217 0.05039393939393827
0 0.38963636363636167 0.2843030303030282 0.0400000000000001 0.04163636363636267
0 0.7823977272727245 0.3137575757575744 0.06225000000000644 0.05624242424242674
0 0.9381136363636324 0.32356060606060444 0.02440909090909802 0.02803030303030027
0 0.5808636363636359 0.2362727272727271 0.036727272727273996 0.0289090909090915
0 0.6020454545454528 0.22978787878787785 0.03790909090909206 0.03212121212121273
0 0.8039659090909087 0.2787575757575753 0.032022727272728355 0.023636363636363587
0 0.8463409090909074 0.2834696969696965 0.04209090909091023 0.0426363636363628
0 0.7655113636363632 0.2437727272727271 0.037886363636364634 0.033121212121212315
0 0.7258636363636352 0.23893939393939373 0.03749999999999994 0.025272727272727537
0 0.6912272727272719 0.22569696969696948 0.030500000000001647 0.021636363636363887
0 0.66715909090909 0.21781818181818166 0.029318181818181677 0.022545454545454174
0 0.5958181818181806 0.20054545454545372 0.020863636363635453 0.022545454545453873
0 0.6282954545454524 0.2036515151515149 0.018409090909090875 0.016333333333332797
0 0.6388863636363611 0.20871212121212082 0.022499999999999985 0.017727272727273445
0 0.7033750000000001 0.21866666666666668 0.027749999999999914 0.019333333333333334
0 0.7384999999999962 0.2274999999999994 0.03649999999999981 0.027666666666665528
0 0.652 0.2125 0.018499999999999944 0.015666666666666666
0 0.5693749999999991 0.2071666666666663 0.01325000000000154 0.02433333333333332
0 0.62725 0.23333333333333328 0.03800000000000004 0.027999999999999935
