0 0.6272479665923423 0.935263253640564 0.17964447114743393 0.12947349271887248
0 0.7761424832190486 0.8903071797798447 0.20014444082792118 0.21938564044031023
0 0.8505660104869669 0.7946406546042336 0.20284180525956852 0.27980660370911836
0 0.9339145714247421 0.6385531661598146 0.13217085715051582 0.1992453193507089
0 0.9495592851282723 0.5580638104220216 0.10088142974345474 0.1346524302325065
0 0.9660132081612955 0.5022463502141127 0.06797358367740734 0.08487706744903872
0 0.13298006648000868 0.6054654957983243 0.0911709177895392 0.21938564044031236
0 0.2171378367472759 0.5439655867568604 0.08469724315359536 0.17550851235224937
0 0.31235480118428 0.5231059684854863 0.09386828222118228 0.20428039962311015
0 0.155368191262647 0.43930784680910506 0.0668946379047507 0.13450857299127297
0 0.22091414695157632 0.4033429877205294 0.06635516501842194 0.1158068462652136
0 0.4040651918601481 0.45980781648959307 0.11005246881104122 0.18414007853350756
0 0.48579533413893644 0.4264324261578347 0.12461823674191477 0.15910853441273798
0 0.5599728560091237 0.3932728271757282 0.11436825190167058 0.13306997862773032
0 0.6199413515814761 0.36054480540512446 0.11490772478800029 0.11364895471989898
0 0.6674149655783961 0.34112378149729367 0.10411826706142724 0.09638582235738252
0 0.7089543778257003 0.32493959490743457 0.0998024839707991 0.0899121477214388
0 0.7515727358456629 0.30156243649986025 0.111670887470029 0.10789457726572663
0 0.8845528023256718 0.2677554689565989 0.038842047815661904 0.04603501963337689
0 0.9107172373126101 0.26272038868419845 0.05880254460982225 0.05035080272400596
0 0.9333750985384134 0.2605624971388839 0.043697303792619914 0.04028064217920467
0 0.9522566495599162 0.20158012823361987 0.017802605248845173 0.021578915453145213
0 0.9749145107857186 0.21704501764170728 0.01672365947618772 0.019421023907830844
0 0.47932165950299305 0.288615087227973 0.07822356851765251 0.10070160544801193
0 0.01294734927188725 0.3940640529781165 0.0258946985437745 0.0612841176918122
0 0.07822356851765212 0.2749484407743141 0.04963150554223446 0.04891220836046294
0 0.2327825504508062 0.2627203886841984 0.04801308688324856 0.0676139350865223
0 0.3255718868993314 0.2245976380503081 0.043697303792619484 0.06905252945006535
0 0.4407493481304952 0.18431699587110334 0.05394728863286367 0.05898236890526414
0 0.4795913959461574 0.18108015855313148 0.052868342860205836 0.046754316815148425
0 0.5138479242280252 0.17172929519010185 0.04909203265590577 0.03812275063389025
0 0.5556570729184945 0.16633456632681548 0.05394728863286345 0.04747361399691989
0 0.651143773798663 0.1555451086002428 0.05502623440552092 0.04028064217920479
0 0.5417177830638249 0.2744118748458327 0.08793408047156644 0.0985437139026971
0 0.624796607558435 0.2549908509380017 0.07930251429030813 0.06401744917766472
0 0.6641781282604248 0.242762798847886 0.08038146006296612 0.06114026045057865
0 0.7669477131060295 0.22621896366714117 0.06905252945006499 0.055385882996406434
0 0.8076779160238418 0.21399091157702554 0.046934141110591 0.03236837317971789
0 0.8349212967834378 0.21938564044031186 0.04099993936097635 0.03596485908857547
0 0.8505660104869684 0.223701423530941 0.036684156270347046 0.04028064217920485
0 0.8529936384754471 0.22082423480385482 0.05017097842856313 0.050350802724005835
0 0.8945330507227517 0.21794704607676874 0.04909203265590564 0.04028064217920467
0 0.7170464711206312 0.1589646771715046 0.050170978428562794 0.03740345345211866
0 0.7755792792872879 0.1557278398535328 0.04423677667894783 0.0395613449974332
0 0.4897771990091823 0.07974735616035104 0.01580725148764209 0.013311369673803872
0 0.5025685933051033 0.07863807535420071 0.016015241638795318 0.014975290883029384
0 0.5155679777521771 0.07655817384266887 0.014143330278416643 0.011924768666115977
0 0.47636183425980205 0.08154993747034535 0.011023478011118968 0.013588689875341462
0 0.548846401936687 0.07641951374190006 0.017887152999173993 0.012756729270728738
0 0.5610138257791482 0.07586487333882491 0.016431221941101696 0.013866010076879052
0 0.5712053431856547 0.07531023293574973 0.016431221941101696 0.014975290883029384
0 0.6013639151028665 0.07531023293574975 0.016015241638795245 0.013311369673803908
0 0.6279866544504742 0.07558755313728734 0.020175044661859046 0.015529931286104536
0 0.6403620684440888 0.07600353343959367 0.01955107420839942 0.014143330278416648
0 0.6571052756119202 0.0789153955557383 0.01310337952265087 0.012202088867653558
0 0.6287146199795103 0.05936432134733883 0.017887152999173987 0.013588689875341464
0 0.6840400001862578 0.08834428240801608 0.02121499541762489 0.014420650479954222
