0 0.04262084544296608 0.9505161055985255 0.08524169088593216 0.09896778880294903
0 0.006950476333776007 0.8791753673801453 0.013900952667552015 0.07798521873871948
0 0.012982965227241976 0.5249196427957381 0.025441366202878214 0.07798521873871948
0 0.04707964158161485 0.5796491797132699 0.09415928316322969 0.11960064936610781
0 0.17310620302989302 0.6828134825290646 0.16104122524296108 0.17415533153310447
0 0.3883086872511463 0.8130802716778226 0.2200547035486064 0.19408877309412234
0 0.8866941216531609 0.8933386021735004 0.16943425326865294 0.1307913534003636
0 0.8457781100279133 0.5772012132057764 0.09599525804384967 0.18954254958020614
0 0.7646017920919257 0.5556940788899413 0.08838907639556666 0.18849342107699457
0 0.6783109727027816 0.5357606373289233 0.08681538364074907 0.2024818011198142
0 0.5769389310799736 0.51565234101737 0.09022505127618682 0.19094138758448806
0 0.31400109996259823 0.44361218379684897 0.10727338945337316 0.16506288450527173
0 0.24843056851188108 0.42787525624867684 0.10465056819534439 0.14897624745602925
0 0.15309101578253856 0.40042306041464326 0.09442156528903255 0.12904280589501127
0 0.004315698961059544 0.30927020226158597 0.008631397922119088 0.01910850357601209
0 0.004559983807911972 0.33695581823819437 0.009119967615823944 0.021931350695195775
0 0.039085575496388324 0.3062302130563113 0.025079910943515846 0.027359902847471886
0 0.015959943327691902 0.32088730386745695 0.02670847658919869 0.026708476589198716
0 0.014657090811145624 0.36637857090353115 0.029314181622291248 0.04125699635729873
0 0.03745700985070548 0.39395561583709404 0.07458830657227439 0.09337109701914983
0 0.06359548846391518 0.39124133976095593 0.069214039941521 0.09315395493305878
0 0.09388680947361612 0.3938470447940485 0.07703115504079866 0.0927196707608767
