0 0.02022422270812158 0.19237727747717728 0.026089247293476826 0.02008939455673425
0 0.031044181856966648 0.21057907791448663 0.0192130115727155 0.02359492649280854
0 0.02745438232627504 0.2310055428496894 0.036504721988159426 0.037751882388493585
0 0.0759925168257669 0.2259494871726591 0.03812265980480912 0.03734739793433111
0 0.2138711551383865 0.16595095980523197 0.04752692336408597 0.0405832735676305
0 0.46242685222119995 0.09375048473723739 0.039032749826674054 0.02588700506639557
0 0.5082347166550961 0.08255974817207687 0.048538134499491806 0.02561734876362066
0 0.5380148845928051 0.05700981348414981 0.028617275131992404 0.0171231752262096
0 0.6386809531224799 0.07318919165064718 0.03377445192256252 0.017123175226209732
0 0.7298921975361121 0.08343613115609552 0.0212354338435301 0.016853518923434653
0 0.7347965715428342 0.10224465827464861 0.024572430590365027 0.019954566405346603
0 0.7842447960641853 0.10393001016699205 0.01951637491333685 0.020628707162283932
0 0.7982500702895616 0.1280642492653504 0.02467355170391029 0.025482520612233214
0 0.8376873045703976 0.13035632783893758 0.017797315983148175 0.018201800437309415
0 0.8203955941549533 0.14013136881452962 0.020224222708122155 0.022651129433096176
0 0.8599339495493318 0.14046843919299837 0.01941525379979737 0.02143767607060888
0 0.8391030001599654 0.15064796462275296 0.023662340568502402 0.02561734876362064
0 0.8617035690362913 0.16305215455040062 0.0209320705029058 0.026695973974720445
0 0.8853153490480226 0.15388384025605237 0.017797315983147006 0.019954566405346603
0 0.9072080701295643 0.17127667178503697 0.01708946818836199 0.020763535313671522
0 0.8853659096047926 0.17161374216350558 0.0193141326862552 0.02575217691500807
0 0.8791975216788159 0.18523138545364085 0.02255000831955483 0.026021833217783015
0 0.9050339661884442 0.1893436440709588 0.020830949389365742 0.026965630277495493
0 0.9577313745400282 0.20545560816176237 0.016179378166499343 0.02008939455673412
0 0.9281534488293991 0.20370284219372517 0.020527586048745206 0.02116801976783391
0 0.9278500854887781 0.2155677195158232 0.022752250546637653 0.032223928181607076
0 0.9492877615593867 0.2139497816991735 0.019516374913337402 0.020628707162284085
0 0.952675318862997 0.2320167539850954 0.022246644978932834 0.0346508349065817
0 0.9861464074449375 0.22729776868653379 0.018201800437309436 0.025482520612233238
0 0.9726972993440388 0.23619642667810734 0.019819738253957428 0.03330255339270672
0 0.9935282487334017 0.2649148229236403 0.012943502533197093 0.02467355170390863
0 0.9269905560236795 0.24280300609609448 0.02588700506639551 0.03411152230103124
0 0.9554055889285941 0.26875742523818313 0.026493731747637982 0.03936982020514321
0 0.9843767879579766 0.27988074772764987 0.031246424084046754 0.047594337439779116
0 0.9873598608074253 0.3197898805383435 0.025280278385149416 0.04975158786197887
0 0.9905987346817406 0.40454425197187854 0.018802530636518943 0.08251399271459778
0 0.2948919555750352 0.3171019309401338 0.11566641747906453 0.09197359878153938
0 0.3866906996060386 0.2342207791864268 0.09048733340198903 0.06819335270874523
0 0.46079452744151084 0.18161423284463374 0.09673679935356075 0.06759633140014217
0 0.47557376067608276 0.16059487891101995 0.08473427054487835 0.04371070193012702
0 0.5057592249188152 0.10135851782538319 0.04872668411883157 0.028901611658718365
0 0.6824255102931289 0.10081055666806307 0.03953835539437755 0.025078036158070912
0 0.6707460216791888 0.10883283167561798 0.03397669414964416 0.0271004584288831
0 0.7261098313426726 0.20617875697737617 0.06138051591915053 0.060807496275751924
0 0.8535202309171838 0.21743544260434164 0.036504721988159676 0.04152707062734349
0 0.8040746742688097 0.16961479494334072 0.03038951571468542 0.0349102701185203
0 0.03505289523766297 0.2963836224258234 0.035921975284877755 0.04287461566259605
