0 0.0137453007518797 0.8707706766917295 0.0274906015037594 0.13627819548872183
0 0.0218515037593985 0.7199248120300752 0.043703007518797 0.09022556390977442
0 0.03524436090225565 0.5512218045112783 0.0704887218045113 0.09868421052631554
0 0.2051221804511279 0.6118421052631576 0.19454887218045125 0.1766917293233089
0 0.18820488721804515 0.5122180451127819 0.15789473684210514 0.15037593984962394
0 0.9463110902255645 0.7894736842105261 0.10361842105263239 0.2011278195488712
0 0.8761748120300757 0.6898496240601496 0.11842105263158015 0.21804511278195654
0 0.7912359022556391 0.6203007518796992 0.13040413533834624 0.18609022556391
0 0.8599624060150378 0.5117481203007519 0.0874060150375947 0.12312030075187988
0 0.9736842105263152 0.6282894736842106 0.05263157894736753 0.1569548872180452
0 0.9621710526315788 0.4370300751879697 0.042293233082706355 0.07330827067669139
0 0.9930686090225563 0.48120300751879697 0.013862781954887313 0.06203007518796982
0 0.8345864661654133 0.32894736842105254 0.04370300751879681 0.06203007518797011
0 0.03559680451127822 0.4718045112781952 0.07119360902255643 0.08458646616541365
0 0.045112781954887236 0.4013157894736844 0.08035714285714288 0.0827067669172935
0 0.05780075187969924 0.3627819548872179 0.08317669172932328 0.07330827067669148
0 0.07507048872180451 0.31766917293233077 0.08106203007518803 0.056390977443608825
0 0.0867011278195488 0.2857142857142856 0.05639097744360904 0.039473684210525994
0 0.18150845864661652 0.43703007518796966 0.1289943609022557 0.1221804511278191
0 0.1899671052631579 0.3862781954887218 0.12194548872180451 0.09398496240601474
0 0.20054041353383442 0.34539473684210537 0.09938909774436092 0.08364661654135365
0 0.1825657894736842 0.30310150375939854 0.08599624060150375 0.07612781954887227
0 0.18115601503759396 0.28148496240601495 0.08035714285714292 0.05733082706766908
0 0.6474389097744359 0.46663533834586457 0.12617481203007505 0.11372180451127814
0 0.5998590225563909 0.40272556390977443 0.12546992481202998 0.0986842105263157
0 0.6907894736842105 0.3435150375939849 0.0930451127819553 0.09680451127819528
0 0.61078477443609 0.2843045112781954 0.08529135338345803 0.07048872180451106
0 0.7337875939849623 0.2528195488721805 0.05357142857142852 0.04323308270676694
0 0.8990836466165412 0.29276315789473684 0.03453947368420963 0.04229323308270672
0 0.7337875939849624 0.18890977443609025 0.03101503759398483 0.028195488721804517
0 0.796875 0.19031954887218044 0.021851503759398413 0.021616541353383454
0 0.552631578947368 0.35338345864661613 0.11842105263157884 0.08270676691729306
0 0.5054041353383457 0.3195488721804511 0.10150375939849601 0.07518796992481191
0 0.47192199248120337 0.2871240601503758 0.10361842105263182 0.0648496240601507
0 0.48531484962406013 0.20629699248120295 0.06837406015037596 0.04417293233082702
0 0.4342105263157892 0.2645676691729324 0.1085526315789471 0.05921052631578967
0 0.39861372180451116 0.2302631578947369 0.08529135338345845 0.054511278195488774
0 0.3764097744360903 0.19971804511278182 0.07189849624060166 0.046052631578947144
0 0.3538533834586467 0.18609022556390975 0.05639097744360911 0.04135338345864659
0 0.3228383458646617 0.1640037593984962 0.04652255639097758 0.02913533834586457
0 0.18349999999999972 0.25866666666666616 0.061500000000000415 0.04799999999999926
0 0.1891249999999998 0.2488333333333328 0.0712500000000003 0.044999999999999075
0 0.18687499999999946 0.19333333333333258 0.045750000000000964 0.03599999999999858
0 0.18774999999999964 0.16799999999999943 0.03300000000000056 0.028666666666665633
0 0.7418749999999992 0.12666666666666643 0.013249999999998324 0.008666666666666344
0 0.9657499999999982 0.24366666666666564 0.00850000000000042 0.00933333333333269
0 0.9941249999999979 0.2618333333333328 0.007249999999995559 0.010999999999999026
0 0.9729999999999975 0.24199999999999985 0.008999999999999899 0.01466666666666643
0 0.9638749999999985 0.23699999999999977 0.00924999999999996 0.011333333333332968
0 0.9208749999999989 0.2214999999999997 0.009250000000000912 0.010999999999999677
0 0.9329999999999987 0.2194999999999996 0.00700000000000226 0.00966666666666609
0 0.9236249999999999 0.21249999999999997 0.008750000000000284 0.010333333333333314
0 0.9172499999999993 0.2058333333333332 0.006500000000001187 0.00899999999999982
0 0.9059999999999993 0.20199999999999987 0.00800000000000142 0.007999999999999835
0 0.9023749999999974 0.19533333333333316 0.007249999999999931 0.007999999999999799
0 0.8934999999999969 0.19166666666666607 0.006499999999998292 0.006666666666666854
0 0.8861249999999997 0.18533333333333324 0.007750000000000672 0.009999999999999933
0 0.8734999999999995 0.18249999999999963 0.006999999999998905 0.007666666666666719
0 0.7016249999999999 0.10916666666666665 0.014749999999999944 0.010999999999999996
0 0.716 0.11166666666666666 0.012500000000000143 0.010666666666666665
0 0.73225 0.11566666666666664 0.015 0.011333333333333329
0 0.7832499999999999 0.13399999999999998 0.011999999999999886 0.006666666666666661
0 0.790625 0.13966666666666666 0.009249999999999972 0.007333333333333343
0 0.80025 0.14616666666666664 0.006000000000000085 0.008333333333333358
0 0.8418749999999992 0.16416666666666643 0.01124999999999819 0.011666666666666636
0 0.8665 0.17333333333333328 0.00950000000000003 0.013999999999999986
0 0.8341249999999999 0.15766666666666665 0.007250000000000085 0.007333333333333361
0 0.85725 0.1703333333333333 0.008000000000000113 0.012666666666666658
0 0.8511249999999998 0.1653333333333333 0.0047499999999999435 0.009333333333333336
