0 0.15705128205128205 0.6837606837606838 0.16452991452991456 0.1766381766381766
0 0.26655982905982917 0.46581196581196593 0.19551282051282062 0.16524216524216528
0 0.29861111111111116 0.3190883190883191 0.18055555555555558 0.1253561253561254
0 0.34722222222222227 0.25284900284900286 0.14529914529914528 0.0925925925925926
0 0.3675213675213675 0.18732193732193733 0.12820512820512825 0.07549857549857548
0 0.39636752136752135 0.1403133903133903 0.11965811965811966 0.06695156695156695
0 0.4198717948717948 0.10470085470085469 0.12606837606837606 0.06980056980056978
0 0.7110042735042734 0.653846153846154 0.2724358974358972 0.17948717948717982
0 0.7243589743589739 0.5014245014245013 0.19017094017093933 0.1595441595441593
0 0.714209401709402 0.39316239316239304 0.1463675213675219 0.13675213675213652
0 0.6960470085470085 0.2706552706552706 0.18482905982905984 0.17663817663817663
0 0.6752136752136753 0.19515669515669515 0.111111111111111 0.03988603988603991
0 0.6810897435897436 0.17592592592592593 0.1271367521367521 0.07549857549857548
0 0.6714743589743588 0.12820512820512817 0.11217948717948677 0.06552706552706547
0 0.5619658119658121 0.08333333333333331 0.055555555555555705 0.08119658119658117
0 0.952991452991453 0.28561253561253536 0.08333333333333379 0.07834757834757786
0 0.5646367521367521 0.06695156695156695 0.09294871794871795 0.039886039886039885
