0 0.036654135338345835 0.5845864661654134 0.07189849624060145 0.17857142857142866
0 0.0948073308270677 0.5399436090225564 0.09234022556390975 0.2133458646616542
0 0.17058270676691717 0.5140977443609022 0.07612781954887203 0.15601503759398508
0 0.2572838345864662 0.47556390977443613 0.07189849624060148 0.16353383458646611
0 0.34010808270676696 0.42998120300751863 0.08811090225563928 0.15131578947368426
0 0.4144736842105259 0.4027255639097742 0.08458646616541435 0.11372180451127772
0 0.4832001879699248 0.3735902255639095 0.10079887218045103 0.13063909774436036
0 0.5395911654135339 0.35056390977443613 0.09515977443609014 0.09210526315789465
0 0.6026785714285714 0.33035714285714285 0.10291353383458655 0.10808270676691717
0 0.64250469924812 0.31249999999999994 0.10079887218045112 0.09868421052631568
0 0.9768562030075185 0.44830827067669177 0.04628759398496173 0.08082706766917282
0 0.6816259398496239 0.29323308270676696 0.08176691729323295 0.08646616541353389
0 0.712640977443609 0.288063909774436 0.08881578947368421 0.07988721804511273
0 0.7440084586466164 0.2819548872180445 0.0754229323308268 0.06766917293233082
0 0.7689999999999997 0.27649999999999947 0.06200000000000092 0.0623333333333332
0 0.7898749999999999 0.2688333333333333 0.06225000000000008 0.05899999999999998
