0 0.10672661846682552 0.37379930945818757 0.04765164004940859 0.07136866637537022
0 0.18440531936928578 0.315921061726943 0.05417926197398487 0.05831342252621662
0 0.22455019420543101 0.28545882607891926 0.05613754855135791 0.05657272334632993
0 0.29439574879839947 0.2462930945314605 0.05352649978152726 0.047869227446894244
0 0.32572833403636653 0.22845092793761765 0.053526499781527556 0.038295381957515286
0 0.3518388217346727 0.21234946052366266 0.05352649978152748 0.03742503236757221
0 0.3746854984706903 0.1979886922895945 0.0535264997815275 0.034813983597741446
0 0.4037334160350551 0.19102589557004607 0.05287373758906981 0.03655468277762836
0 0.4690096352808205 0.15969331033207884 0.05026268881923911 0.03307328441785414
0 0.23368886489983812 0.5348139835977412 0.13185796287644552 0.17232921880881935
0 0.30581908716640815 0.46518601640225865 0.13120520068398805 0.1479594302904004
0 0.3740327362782325 0.4116595166207315 0.1253303409518691 0.11227509710271587
0 0.2823196482379329 0.3672716875336113 0.09334499352144414 0.08268321104463566
0 0.37305359298954655 0.3011251186979015 0.08812289598178225 0.07223901596531321
0 0.46378753774115966 0.33419840311575705 0.11553890806500357 0.07746111350497474
0 0.4725998273393377 0.23802477342699663 0.0691927924005109 0.05048027621672527
0 0.7264926413602443 0.6131296072700989 0.21149495035627988 0.18190306429820036
0 0.7676166594850763 0.3629041001613346 0.1148861458725474 0.10444195079322409
0 0.5518787548778237 0.25715662498319547 0.08942842036669779 0.06179482088599066
0 0.5992040138310031 0.22190746659048247 0.08355356063457975 0.05570237375638599
0 0.7892709434032794 0.2899986600499528 0.08355380352125844 0.06946039087911796
0 0.7865025944914307 0.23932948602702137 0.06090367606067576 0.044629140033442656
0 0.796946819931588 0.23177944354016056 0.05159195699354766 0.04295135281414051
0 0.7950593093098722 0.21902826067346257 0.050333616579071455 0.032884629498326275
0 0.8013510113822555 0.2156726862348577 0.04983028041328047 0.036240203936930865
0 0.7901517816934132 0.19386145238392707 0.04605525916985036 0.02147567640707025
0 0.7970726539730361 0.18748586095057806 0.04278357409221003 0.028857940172000707
0 0.794052636978292 0.17523801424967086 0.03926022093167429 0.025166808289535405
0 0.7970726539730357 0.16785575048474052 0.0302001699474427 0.021811233850930627
0 0.798960164594751 0.16500351221192644 0.033975191190872514 0.024160135957953948
0 0.7941784710197389 0.15040676340399586 0.01988177854873285 0.013757855198279349
0 0.6601652168779628 0.18631140989706638 0.05285029740802421 0.035233531605349845
0 0.6746361316444457 0.17574135041546146 0.04253190600931447 0.03355574438604739
0 0.6907428889497481 0.17288911214264727 0.029445165698756298 0.027180152952698156
0 0.6892328804523774 0.16382906115841445 0.052095293159340625 0.029864612503581786
0 0.7039554633017541 0.15023898468206556 0.029193497615861146 0.020133446631628506
0 0.7576865989999122 0.1262466274460417 0.019881778548732947 0.014428970086000326
0 0.5055151799387682 0.22422940105329975 0.074745420619918 0.047313599584327036
0 0.4919251034624173 0.15342678039874014 0.034478527356664034 0.023153463626372602
0 0.512310218176941 0.14906453362855396 0.030955174196128546 0.023824578514093607
0 0.5868039707139658 0.17557357169353136 0.06467869730410718 0.045971369808884874
0 0.609705766257442 0.1723857759768568 0.03246518269350055 0.028186825284279717
0 0.5226286095756503 0.14520562302415835 0.03145851036192018 0.02416013595795403
0 0.5350861796789705 0.14134671241976302 0.03674354010272185 0.022482348738651677
0 0.5460337412849188 0.13614557203992572 0.023405131709267973 0.02013344663162835
0 0.5543387880204657 0.1341322273767629 0.032465182693500766 0.021475676407070328
0 0.6131032853765318 0.1680235292066704 0.04228023792642094 0.029529055059721185
0 0.6191433193660204 0.16030570799787977 0.04479691875537437 0.03020016994744254
0 0.6300908809719682 0.15762124844699588 0.03850521668299054 0.024160135957953827
0 0.6328592298838164 0.15275566551101888 0.043538578340896465 0.026509038064977335
0 0.6490918212305674 0.15275566551101907 0.026676816786908294 0.02046900407548897
0 0.6576485360490095 0.14570895918994908 0.032213514610606515 0.01912677430004684
0 0.6628077317483639 0.14034004008818152 0.026928484869802212 0.017113429636884347
0 0.5636505070875942 0.1086298616433669 0.017365097719778975 0.013422297754418921
0 0.5459079072434713 0.10695207442406453 0.01308674031055844 0.013422297754418918
0 0.5769889154810479 0.10678429570213431 0.015351753056616332 0.015100084973721254
0 0.5896981536672633 0.11215321480390178 0.020133446631628055 0.01510008497372134
0 0.6032882301436123 0.11064320630652975 0.014596748807930432 0.012751182866697968
0 0.5846647920093561 0.09856313832755267 0.013590076476349107 0.01073783820353514
0 0.5941023451179318 0.09453644900122703 0.011828399896081442 0.012080067978977
0 0.6446876297798982 0.10208649148808754 0.013338408393453597 0.01375785519827942
0 0.62291834060945 0.11819324879339041 0.018623438134256248 0.015100084973721301
0 0.6381442596246188 0.12037437217848346 0.017365097719779357 0.016106757305302713
0 0.6516085020595205 0.12372994661708812 0.015603421139511887 0.014093412642139848
0 0.6604168849608582 0.11198543608197158 0.01308674031055851 0.012080067978977004
0 0.7064721441307076 0.116515461574088 0.012080067978976957 0.011744510535116532
