0 0.18495540384294962 0.6682705851119747 0.1895599476278845 0.14382817389077063
0 0.1933337440695964 0.5353807998504375 0.17350146219347795 0.13405344362634938
0 0.2146286921456571 0.42227320679070557 0.13440254113579284 0.10519471617901016
0 0.23993826158031933 0.33965346288904924 0.13335524860746195 0.09635091260643845
0 0.2653693236032587 0.24210551095044622 0.10128701176759919 0.06988935182926428
0 0.4583861096467664 0.17576317509747902 0.04276124815869451 0.055964029848245396
0 0.5485394323776547 0.20178579776268749 0.10680459217517246 0.05675225562075585
0 0.5226265101063722 0.153441283715377 0.07941374658043265 0.04676806250228958
0 0.5116898775127887 0.12979451054006205 0.06699919066339234 0.030478063203739244
0 0.48784604789434627 0.11665741433155372 0.07645789993351833 0.03993677247386522
0 0.6207606187839291 0.3234353086534743 0.12788963158982838 0.07934806109939017
0 0.6571175325409757 0.39976183762490786 0.13715128441682659 0.10378306004721556
0 0.6914053536451824 0.49789594630246453 0.16395096068218365 0.12664160745002
0 0.731506339821654 0.6150788444823589 0.17951841968926588 0.14503354214193181
0 0.8152553281508943 0.7402753713494428 0.16493624289782174 0.17682531496652173
0 0.6845654948528497 0.9187766461361181 0.14522456392854494 0.1624467077277636
0 0.3884185533328201 0.020066849035269996 0.012162967680561607 0.015889668215683182
0 0.38725139986852386 0.011548676383563548 0.011057243345965091 0.011302959864764324
0 0.38682139596062504 0.007617212082775956 0.00921436945497092 0.010647715814633056
0 0.38479423468053153 0.004668613857185264 0.009337227714370542 0.009337227714370528
