0 0.7155877542698103 0.734165176360079 0.23718973184035722 0.20746670780021156
0 0.739886326422631 0.5225372451942475 0.17700060815906402 0.1658544741440097
0 0.7559367594043098 0.4553632108635198 0.15292495868654712 0.13732037106547076
0 0.7646307439360521 0.39948392566804686 0.10611119582331853 0.11354195183335455
0 0.777560259393515 0.37778611811874035 0.10878626798693088 0.08916907212043579
0 0.7688662748617727 0.3236902143656763 0.09050660820224221 0.06657957384992545
0 0.7831333264010424 0.31952899100005605 0.09942351541428586 0.0677684948115311
0 0.791810896888751 0.28406980104039836 0.07701043336597808 0.06006478245102465
0 0.7923142330545414 0.25739298425349205 0.07701043336597847 0.040938008150977805
0 0.7997384414999541 0.24363512905521187 0.062162016475152494 0.05033361657907105
0 0.8323294582349028 0.2268572568621881 0.03372352310797751 0.034897974161489244
0 0.9266387538360041 0.26091633741402687 0.03548519968824504 0.036575761380791404
0 0.8542841800035896 0.19984488263142072 0.02768348911848898 0.026509038064977106
0 0.8729076181378457 0.18810037209630437 0.028186825284279706 0.02986461250358211
0 0.9046177965826605 0.20001266135335116 0.024663472123744725 0.025502365733395926
0 0.7834396146685471 0.17434251689802494 0.029948501864547446 0.03187795716674496
0 0.7796645934251168 0.1567257510953501 0.016861761553988826 0.02281790618251218
0 0.7453119001099003 0.16628913824537353 0.03221351461060478 0.02785126784041926
0 0.7239201130637949 0.13525007468827982 0.023153463626372658 0.029529055059721577
0 0.6860440665880444 0.12719669603562844 0.019378442382942857 0.02013344663162835
0 0.6495521945682178 0.15337017665674538 0.03548519968824476 0.0275157103965588
0 0.6515655392313809 0.11712997271981429 0.023405131709267977 0.02214679129479123
0 0.6910774282459518 0.1094121515110234 0.026928484869803104 0.020133446631628384
0 0.7921221635284368 0.1189755386610469 0.0201334466316284 0.01442897008600033
0 0.6787456921840793 0.08156088367060413 0.018371770051361126 0.013422297754418926
0 0.6106694757608859 0.12113623723363082 0.027180152952698437 0.02885794017200066
0 0.6182195182477467 0.10771393947921196 0.024160135957954118 0.018791216856186482
0 0.5890260206318854 0.09982833954849077 0.021643455129000486 0.019126774300046973
0 0.5279965105297619 0.09143940345197894 0.02491514020664006 0.017784544524605064
0 0.5020746979915404 0.10972728414237469 0.022901795543477235 0.02550236573339596
0 0.49993551928692986 0.07566820359053669 0.024663472123744725 0.017113429636884146
0 0.4658344940546092 0.08388936096511829 0.023908467875058646 0.017448987080744594
0 0.4624369749355219 0.11677399046344465 0.01912677430004699 0.026173480621116896
0 0.5464941146225704 0.14093412642139871 0.030200169947442533 0.03221351461060541
0 0.44205186022099807 0.14328302852842204 0.025166808289535537 0.030200169947442568
0 0.4458268814644284 0.1050294799283281 0.03624020393693115 0.018791216856186496
0 0.4555161026558996 0.0825471311896764 0.018875106217151584 0.015435642417581769
0 0.4426810304282364 0.08271490991160663 0.018875106217151653 0.011744510535116558
0 0.4353826560242711 0.08036600780458313 0.020888450880314165 0.012415625422837494
0 0.42871345182754367 0.09462719916865335 0.028690161450070896 0.017448987080744584
0 0.4177658902215961 0.09194273961776941 0.020888450880314817 0.0167778721930236
0 0.4049308179939332 0.099996118270421 0.015855089222407415 0.018120101968465575
0 0.3981357797557587 0.12180735212135176 0.020385114714523738 0.024160135957954073
0 0.3798898437458456 0.11828399896081682 0.020636782797419144 0.024495693401814532
0 0.3865590479425724 0.10066723315814194 0.015855089222407272 0.01812010196846554
0 0.38366486498927577 0.09143940345197894 0.028690161450070376 0.016442314749163193
0 0.4107191839005264 0.08221157374581592 0.021391787046105223 0.014093412642139862
0 0.40644082649130536 0.07399041637123434 0.02491514020664013 0.013757855198279385
0 0.3467954908451062 0.10083501188007217 0.02441180404084946 0.018455659412326016
0 0.3350929249904723 0.11039839903009568 0.017113429636884094 0.016106757305302713
0 0.33131790374704195 0.131202960549445 0.026173480621116837 0.025502365733395916
0 0.3300595633325645 0.15569865395125906 0.03422685927376794 0.03154239972288442
0 0.31294613369568114 0.09714387999760696 0.01812010196846554 0.013757855198279411
0 0.3006143976338087 0.10284835654323501 0.025670144455326175 0.012415625422837504
0 0.288408495613384 0.10754616075728166 0.02894182953296589 0.01174451053511655
0 0.27859344038046485 0.1152639819660723 0.024915140206639964 0.019126774300046983
0 0.2614800107435807 0.12952517333014257 0.03447852735666351 0.016106757305302758
0 0.24902244064026058 0.13791410942665425 0.036743540102721725 0.014764527529860915
0 0.24247907048498119 0.14512859446965426 0.038253548600093855 0.025837923177256555
0 0.22121311748032418 0.1619064666626783 0.03850521668298931 0.018455659412326055
0 0.21479558136649274 0.16727538576444587 0.024663472123744798 0.017113429636884128
0 0.2024638453046199 0.18069768351886442 0.04681026341853575 0.03322018694218689
0 0.25644664908567355 0.17398653464165534 0.035485199688244914 0.0359046464930706
0 0.30275357633841876 0.16324869643812007 0.03095517419612859 0.03456241671762893
0 0.160690070928684 0.25653366583133197 0.039008552848779944 0.04462914003344278
0 0.19315525362218489 0.24395026168656408 0.04152523367773352 0.051675846354512875
0 0.2223487512380463 0.23606466175584287 0.04454525067247797 0.05536697823697803
0 0.25871478921642493 0.22515904483037744 0.044293582589582554 0.05637365056855936
0 0.29545832931914656 0.21274341940753966 0.041273565594838246 0.058386995231722194
0 0.3626537074522036 0.20301225353558613 0.04077022942904709 0.05637365056855931
0 0.4418033195227951 0.1957977684925857 0.034981863522454026 0.054024748461536126
0 0.5176812465157449 0.19244219405398094 0.03775021243430345 0.05201140379837317
0 0.5000644807130702 0.278680457126123 0.052850297408024376 0.06610481644051312
0 0.3819063157937011 0.27482154652172747 0.05612198248566419 0.0899293949546065
0 0.41562983890167843 0.3419330352938217 0.11652232238054867 0.09932500338269995
0 0.3678129031515611 0.385219945551822 0.11551565004896767 0.10536503737218782
0 0.2792257379723959 0.29680055909458863 0.05813532714882685 0.08623826307214143
0 0.18560521113532338 0.3234773758814952 0.06618870580147787 0.07583598231246669
0 0.3071608951737801 0.44427805567126677 0.12709238186215402 0.1315385179933049
0 0.21255382945175888 0.11376106715840599 0.01766206605759603 0.017053029296989253
0 0.2235164911426806 0.09447490307252533 0.009744588169708154 0.010150612676779316
0 0.21331512540251737 0.09386586631191855 0.009440069789404752 0.007308441127281106
0 0.08039285240009222 0.1748677554726174 0.02131628662123662 0.018271102818202815
