0 0.005711242222589875 0.2196064751395841 0.011422484445179747 0.05895475842673439
0 0.032793584374870906 0.20486778553290044 0.04200526537904811 0.06976313080496917
0 0.07958892387609123 0.17858378906764827 0.05011154466272407 0.06730668253718883
0 0.050295778282807645 0.32872190644475036 0.10059155656561529 0.14650257319113758
0 0.1411229529839949 0.29207169903911245 0.1473868960668355 0.15475624087017775
0 0.3574132229620763 0.08450182041165241 0.08474746523843052 0.06583281357651992
0 0.4323963063360792 0.0781150549154229 0.08290512903759513 0.06583281357651993
0 0.6123925531576998 0.3156536024098061 0.11201404101079498 0.17637298562664672
0 0.7531470389015282 0.11397919962501957 0.085484399718765 0.06779797219074436
0 0.928333121787501 0.14886076502750398 0.0246873050911951 0.0314425378275916
0 0.9883932819347366 0.19017822414192506 0.02321343613052676 0.04038400802301595
0 0.9229903468050783 0.19184860971366435 0.04274219985938231 0.050602834316280224
0 0.8537185056536655 0.23631032336049312 0.0515854136233925 0.10120566863256045
0 0.9071462554778924 0.30803861277968597 0.057480889466063737 0.10317082724678568
0 0.8599824487365059 0.31589924723658425 0.058954758426734394 0.1041534065538972
