0 0.9205304686363975 0.6336840631703938 0.09993174602609019 0.1882312253189821
0 0.8364609045192101 0.5543731536258819 0.08787648777532249 0.18442430166084564
0 0.7561982640601614 0.4754852355989387 0.09295238598617099 0.15777583605388829
0 0.5845694558058319 0.39702030908956465 0.08533853866989778 0.11759164188466756
0 0.24549440853602525 0.7597636218994289 0.18497085629307145 0.2529748475772897
0 0.15980937951791122 0.5947406030497276 0.1196870246602228 0.16411629896591168
0 0.3427930092635546 0.31683204187970815 0.10437315696058144 0.10320993028726193
0 0.2687166197489778 0.2908180635491072 0.09326962962434937 0.08755924413714432
0 0.23540603774028124 0.28701113989097055 0.08502129503171917 0.06894761736403149
0 0.17449525921009423 0.26670754704757454 0.07296603678095355 0.06810163432889002
0 0.15498477546214373 0.2635351106657938 0.047903789364886956 0.04737504996792324
0 0.14166054265866507 0.25867070821373067 0.06757289493192667 0.0697936003991728
0 0.02934503653147042 0.32592635950747906 0.04155891660132567 0.05456590576662605
0 0.02934503653147045 0.28151225016255094 0.026965709245135014 0.033416329888088826
0 0.008724200049896621 0.30037767120077224 0.017448400099793242 0.034769901453447424
0 0.033310582008696216 0.23646365354126664 0.015227694632546817 0.024533508019103305
0 0.18622201561052065 0.11041218130518429 0.032993338370518155 0.025379491054244703
0 0.32286713444590553 0.07094765130771467 0.009091844596546573 0.010985978887493824
0 0.32947292778558385 0.07085294459316732 0.007245063662873078 0.009281258025641321
0 0.33728623173574124 0.06971646401859898 0.011222745673862207 0.012311872891156855
0 0.3379255020589356 0.07558828032053534 0.018751929480377426 0.013448353465725198
0 0.3498585480919032 0.07397826617323022 0.01988841005494578 0.014774247469388246
0 0.3551858007851928 0.07729300118238781 0.02145107084497718 0.014206007182104092
0 0.37521627091195897 0.07416767960232491 0.014348067253924951 0.013637766894819875
0 0.38132485400026384 0.07473591988960905 0.016336908259419698 0.012880113178441049
0 0.3932579000332312 0.0758724004641774 0.020314590270408907 0.012880113178441035
0 0.4042675555993619 0.07104235802226203 0.02045665034222992 0.011554219174777981
0 0.3853735660471634 0.06365523428756792 0.012217166176609524 0.012690699749346309
0 0.39560189121827855 0.06431818128939946 0.011933046032967097 0.011364805745683226
0 0.4062563966048564 0.06469700814758887 0.010796565458399101 0.011743632603872695
0 0.4173370822068976 0.06526524843487308 0.009944205027472813 0.011364805745683266
0 0.4293411582757772 0.06443182905783436 0.010086265099293033 0.011970928140742503
0 0.44106111420101135 0.06517054172032567 0.011080685602041172 0.013069526607535744
0 0.4543437309162788 0.06318170071483112 0.010654505386578066 0.00984949831292549
0 0.46641883702106735 0.06232934028390487 0.009802144955651784 0.007765950592883568
0 0.4843894361064288 0.06678055586763082 0.013921887038462089 0.015910728043956563
0 0.49845338321671195 0.06640172900944137 0.014490127325746156 0.015531901185767116
0 0.47352184061211966 0.07151589159499888 0.027701714005102452 0.016289554902145998
0 0.45228385987487374 0.07142118488045147 0.02045665034222985 0.014584834040293515
0 0.5297065990173406 0.06810644987129387 0.015626607900314504 0.009849498312925477
0 0.5463986574563131 0.07151589159499883 0.014632187397567265 0.014395420611198783
0 0.5331870707769562 0.08060773619154543 0.03111115572880803 0.016668381760335454
0 0.5961907126295878 0.09149900836449192 0.02670729350235568 0.01610014147305126
0 0.554709171657844 0.11953219587051063 0.04659570355730132 0.026328466644166236
0 0.6227559460601229 0.09358255608453385 0.030969095656986953 0.01913075633856682
0 0.6867540084155027 0.12436223831242589 0.02684935357417666 0.023108438349556067
0 0.7314319010032208 0.13118112175983582 0.03125321580062803 0.02386609206593494
0 0.7339179522600872 0.11697511457773184 0.028838194579671076 0.020835477200419287
0 0.7738368324417995 0.13383290976716203 0.019178109695840533 0.018183689193093197
0 0.7800164455660149 0.14784950352017137 0.024434332353219047 0.02424491892412428
0 0.808286399858402 0.15485780039667607 0.019604289911303426 0.01969899662585098
0 0.8126192320489435 0.14103062007276143 0.025144632712324297 0.020456650342229866
0 0.8481342500042036 0.15618369440033913 0.025144632712324155 0.023108438349555963
0 0.8797426159843852 0.1718103023006536 0.026707293502355754 0.02594963978597674
0 0.9253438990389392 0.2069464933977245 0.029548494938776447 0.03257910980429179
0 0.9310263019117809 0.20419999867585095 0.02102489062951428 0.023297851778650583
0 0.9625636378560519 0.23157023918003808 0.026139053215071328 0.0287908412223976
0 0.9884931341824964 0.25572045138961497 0.020172530198586197 0.02670729350235562
