0 0.3894501879699248 0.6466165413533835 0.20794172932330826 0.2932330827067669
0 0.17763157894736828 0.4468984962406016 0.16071428571428548 0.17575187969924788
0 0.24353853383458643 0.27913533834586457 0.11348684210526319 0.07330827067669186
0 0.390859962406015 0.20582706766917286 0.10502819548872172 0.07706766917293251
0 0.49447838345864653 0.23872180451127814 0.09938909774436079 0.09022556390977451
0 0.37958176691729323 0.08740601503759397 0.05286654135338353 0.03571428571428571
0 0.47826597744360894 0.07471804511278196 0.04299812030075195 0.029135338345864667
0 0.572015977443609 0.09915413533834587 0.04440789473684198 0.03665413533834588
0 0.4631109022556392 0.16071428571428562 0.07894736842105224 0.050751879699247944
0 0.6217105263157894 0.29276315789473684 0.08035714285714275 0.1024436090225564
0 0.6400375939849622 0.12218045112781951 0.03806390977443571 0.03947368421052633
0 0.6724624060150373 0.13533834586466165 0.04370300751879669 0.048872180451127865
0 0.6618890977443607 0.22838345864661652 0.06343984962406024 0.08270676691729313
0 0.7154605263157893 0.26221804511278196 0.060620300751879616 0.07706766917293233
0 0.7559915413533834 0.3665413533834586 0.06414473684210514 0.105263157894737
0 0.8303571428571427 0.42105263157894735 0.06203007518797035 0.11466165413533833
0 0.7767857142857139 0.29182330827067643 0.05216165413533799 0.0855263157894735
0 0.808858082706767 0.21193609022556395 0.03312969924812038 0.053571428571428464
0 0.8585526315789473 0.23872180451127817 0.03665413533834595 0.04135338345864661
0 0.7186325187969925 0.15789473684210514 0.0345394736842105 0.0469924812030075
0 0.959938909774436 0.9426691729323305 0.08012218045112779 0.11466165413533798
0 0.9554746240601507 0.5291353383458646 0.0697838345864659 0.13157894736842107
0 0.8331766917293231 0.3298872180451128 0.05216165413533887 0.09210526315789473
0 0.8881578947368414 0.3778195488721803 0.060620300751881157 0.1071428571428576
0 0.9389097744360901 0.412593984962406 0.05357142857142861 0.10902255639097745
0 0.9806156015037594 0.4450187969924812 0.038768796992481216 0.087406015037594
0 0.944548872180451 0.30310150375939854 0.039473684210526036 0.05733082706766924
0 0.9846099624060147 0.34868421052631576 0.030780075187969335 0.0620300751879699
