0 0.7334401709401709 0.3091168091168091 0.1185897435897435 0.18233618233618232
0 0.8338675213675214 0.7136752136752136 0.21260683760683763 0.1994301994301994
0 0.9738247863247864 0.73005698005698 0.05235042735042739 0.15242165242165243
0 0.35256410256410253 0.2621082621082621 0.08547008547008544 0.15384615384615385
0 0.28685897435897423 0.25641025641025633 0.08012820512820501 0.133903133903134
0 0.22863247863247863 0.26638176638176636 0.07264957264957264 0.12820512820512817
0 0.19177350427350426 0.26353276353276356 0.05448717948717949 0.10256410256410256
0 0.1591880341880342 0.25997150997151 0.05341880341880342 0.1096866096866097
0 0.1079059829059829 0.2756410256410256 0.07264957264957264 0.10113960113960115
0 0.002670940170940171 0.30484330484330485 0.005341880341880342 0.04843304843304839
