0 0.6293014194284943 0.3453320310796332 0.18216542765512414 0.1265214003922929
0 0.6291427387423835 0.4576779568460336 0.23770366779388147 0.1675668045329365
0 0.6061340392563268 0.6083188215271584 0.21644045585504293 0.1980334962661976
0 0.11231974407971863 0.9760921099593155 0.11615426223305819 0.047815780081368324
0 0.22371358572945482 0.8800374013002841 0.2551585432660623 0.2399251973994318
0 0.2700483460737895 0.6902553007118448 0.23865575191054586 0.22172981205873427
0 0.35430779039858995 0.5258621099011229 0.2370689450494385 0.18999367483658694
0 0.3869960117374015 0.39426292755328646 0.19073418470510384 0.1476788252070577
0 0.43285473002340397 0.30540174333127457 0.16820152727737941 0.11382694550343415
0 0.5254194787571093 0.18026907730774902 0.12593877280286483 0.08439270604345729
0 0.500634338195462 0.09905847996491295 0.05765122385717291 0.06123406827767506
0 0.5808411962453423 0.11230414721646678 0.0509741047098732 0.0699197517213169
0 0.6659337512322709 0.13532120834211767 0.045925551208256365 0.06861689920477064
0 0.7473620335164134 0.16593824248095518 0.055045518824080236 0.06861689920477061
0 0.8067232513015532 0.19373242950060918 0.052276957226419396 0.06774833086040646
0 0.8709701660237414 0.22532660302685634 0.06025692889026544 0.07578258804577512
0 0.9323670908659849 0.2664750283411096 0.06514262582731391 0.0851196977476901
0 0.9719886708942552 0.2839549662714389 0.0560226582114899 0.07751972473450355
0 0.9951143030629516 0.3007834779434949 0.009771393874097072 0.049074111456576405
0 0.9622974689800893 0.4781395162859577 0.07540506203982134 0.08797257237979167
0 0.9773086618861648 0.5728613071816592 0.04538267622767037 0.09960915602791218
0 0.9806409562944904 0.9837087828926312 0.03871808741101944 0.03258243421473779
0 0.9898444360889129 0.8531674717855329 0.0203111278221742 0.11425009399972935
0 0.991589923636131 0.7135284680080858 0.016820152727738104 0.09478526317014584
