0 0.018327067669172928 0.9694548872180451 0.036654135338345856 0.05921052631578934
0 0.027843045112781947 0.8524436090225564 0.055686090225563895 0.13721804511278207
0 0.027843045112781954 0.6339285714285711 0.05568609022556391 0.11936090225563847
0 0.009868421052631577 0.4906015037593985 0.019736842105263153 0.06578947368421051
0 0.01656484962406015 0.39990601503759393 0.0331296992481203 0.06296992481203008
0 0.1240601503759398 0.6602443609022555 0.10291353383458636 0.23026315789473667
0 0.7129934210526312 0.8905075187969923 0.18679511278195393 0.21898496240601478
0 0.8490366541353381 0.9295112781954887 0.12758458646616497 0.14097744360902248
0 0.9560620300751875 0.9591165413533834 0.08787593984962347 0.08176691729323254
0 0.9722744360902253 0.7969924812030075 0.05545112781954804 0.231203007518797
0 0.9107142857142858 0.7227443609022555 0.09727443609022568 0.23308270676691703
0 0.8187265037593988 0.661184210526316 0.10925751879699322 0.2340225563909779
0 0.7207471804511278 0.5718984962406011 0.11489661654135358 0.19642857142857142
0 0.6238251879699248 0.5145676691729325 0.10432330827067694 0.16823308270676735
0 0.5582706766917294 0.4426691729323309 0.132518796992481 0.15977443609022554
0 0.4863721804511277 0.7377819548872178 0.2424812030075185 0.3157894736842109
0 0.40989191729323293 0.6146616541353379 0.1853853383458645 0.21616541353383575
0 0.3499765037593985 0.5230263157894736 0.16705827067669177 0.18703007518797007
0 0.437734962406015 0.3566729323308271 0.12546992481202998 0.1343984962406015
0 0.2548167293233083 0.4304511278195489 0.1261748120300752 0.11090225563909771
0 0.2195723684210526 0.35526315789473684 0.106437969924812 0.09022556390977442
0 0.19525375939849623 0.3200187969924812 0.09727443609022558 0.0836466165413534
0 0.16529605263157893 0.2739661654135338 0.058505639097744346 0.0667293233082707
0 0.32671522556390975 0.28900375939849626 0.08670112781954885 0.0855263157894737
0 0.29358552631578944 0.25375939849624063 0.0796522556390978 0.0733082706766917
0 0.250234962406015 0.23261278195488722 0.07894736842105264 0.07048872180451127
0 0.9729793233082695 0.4633458646616539 0.05404135338345826 0.09022556390977492
0 0.9223449248120305 0.42716165413533813 0.05145676691729259 0.0949248120300755
0 0.8673637218045104 0.39050751879699264 0.05004699248120145 0.08552631578947391
0 0.7648026315789473 0.31625939849624063 0.050751879699248124 0.07612781954887225
0 0.6664708646616542 0.26550751879699247 0.0627349624060151 0.07048872180451127
0 0.6248825187969925 0.2457706766917293 0.05991541353383447 0.05545112781954884
0 0.5818843984962406 0.2297932330827068 0.0683740601503758 0.05545112781954888
0 0.5476973684210527 0.21569548872180452 0.0648496240601503 0.0479323308270677
0 0.5068139097744361 0.2030075187969925 0.0690789473684211 0.058270676691729334
0 0.45782424812030087 0.18562030075187969 0.059915413533834616 0.047932330827067667
0 0.41059680451127795 0.1781015037593985 0.055686090225563485 0.03665413533834587
0 0.012124999999999995 0.2828333333333329 0.02424999999999999 0.032999999999999134
0 0.024124999999999997 0.2628333333333331 0.02025 0.01899999999999974
0 0.16174999999999998 0.18099999999999997 0.019499999999999976 0.01866666666666667
0 0.17612499999999998 0.17183333333333334 0.016749999999999973 0.016333333333333328
0 0.18887499999999996 0.16133333333333333 0.017249999999999977 0.01733333333333329
0 0.20224999999999999 0.15499999999999997 0.018500000000000013 0.01533333333333335
0 0.23074999999999996 0.13849999999999998 0.015500000000000007 0.013666666666666653
0 0.23999999999999996 0.13149999999999998 0.012000000000000028 0.009666666666666686
0 0.24712499999999996 0.1245 0.012749999999999985 0.010333333333333314
0 0.26062499999999994 0.11933333333333333 0.01375 0.01200000000000001
0 0.256125 0.13816666666666666 0.02375 0.02033333333333335
0 0.2154999999999995 0.13716666666666638 0.01550000000000083 0.014333333333332888
0 0.982874999999996 0.32549999999999957 0.023249999999999823 0.03299999999999911
0 0.9517499999999985 0.30516666666666625 0.02349999999999713 0.034999999999999164
0 0.9161249999999995 0.2793333333333331 0.02574999999999903 0.039333333333332894
0 0.8859999999999999 0.2633333333333333 0.02200000000000003 0.03266666666666662
0 0.8573750000000001 0.24616666666666664 0.023250000000000028 0.03366666666666667
0 0.8284999999999999 0.23149999999999996 0.022999999999999972 0.032333333333333346
0 0.7763749999999999 0.20666666666666664 0.025249999999999915 0.03
0 0.8199999999999996 0.20449999999999982 0.02149999999999951 0.022999999999999677
0 0.825125 0.19566666666666663 0.01875 0.020000000000000035
0 0.7971250000000001 0.17516666666666666 0.017250000000000085 0.018333333333333323
0 0.78125 0.1635 0.01700000000000003 0.015666666666666648
0 0.7329999999999999 0.16899999999999998 0.021500000000000057 0.019333333333333355
0 0.703625 0.17633333333333334 0.02625 0.02733333333333334
0 0.8119999999999997 0.1508333333333333 0.006999999999999885 0.007666666666666658
0 0.8355000000000001 0.18466666666666665 0.013500000000000085 0.017333333333333343
0 0.8603749999999999 0.17683333333333334 0.01125 0.012333333333333342
0 0.8989999999999999 0.2168333333333333 0.014000000000000058 0.018999999999999986
0 0.903125 0.23699999999999996 0.014749999999999801 0.019333333333333334
0 0.9081249999999974 0.25083333333333274 0.019249999999994875 0.02166666666666547
0 0.946624999999999 0.275833333333333 0.021749999999999138 0.026999999999999625
0 0.9682499999999998 0.2908333333333333 0.018499999999999944 0.02966666666666665
0 0.9889999999999991 0.3029999999999995 0.02199999999999799 0.029333333333332476
0 0.9802499999999996 0.2839999999999997 0.018999999999999732 0.01866666666666631
0 0.98175 0.2746666666666666 0.0175 0.015333333333333315
0 0.9514999999999999 0.25599999999999995 0.015999999999999945 0.022666666666666693
0 0.9619999999999999 0.25716666666666665 0.014999999999999857 0.021666666666666643
0 0.97725 0.26449999999999996 0.011999999999999886 0.01766666666666673
0 0.9164835162579525 0.23380922002480503 0.014368427310459708 0.021039482847458935
0 0.9307877988036336 0.23697369508722776 0.014240137780902273 0.017789481431997843
0 0.9230262822653941 0.2226907941298064 0.013855269192229116 0.015565796252998112
0 0.9088502892492706 0.21601973859280738 0.010904610012403148 0.016250007077305506
0 0.9042960109499734 0.20353289104919337 0.009750004246383384 0.01180263671930625
0 0.9153930552567124 0.20609868164034695 0.008851977539479776 0.014881585428690478
0 0.8806265927465818 0.18394735620338806 0.008851977539479633 0.009236846128152756
0 0.8708765885001987 0.1766776161951197 0.008082240362133604 0.008381582597768151
0 0.9889029556932603 0.26673686594460905 0.014753295899131316 0.017789481431998412
0 0.9854391383952038 0.25715791440430225 0.01141776813063316 0.014026321898305945
0 0.9824243344505983 0.24706580474576498 0.010519741423729556 0.01163158401322935
0 0.9705575529665132 0.24056580191484273 0.011161189071517868 0.012657900249690747
0 0.9582417581289764 0.23295395649442058 0.01167434718974846 0.01214474213146005
0 0.9495822148838332 0.22508553201488304 0.010519741423729414 0.013513163780075246
0 0.9407302373443533 0.22371711036626785 0.012059215778421475 0.011460531307152416
0 0.9324555626878833 0.21105921011657705 0.011161189071517726 0.01214474213146005
0 0.9851825593360882 0.24090790732699652 0.009878293775940959 0.010947373188921772
0 0.8806907375113603 0.17890130137411953 0.007440792714344358 0.007355266361306889
0 0.92546378332699 0.20413157552046265 0.0074407927143446025 0.008552635303845273
0 0.9876842051624632 0.23466448355518957 0.010776320482844852 0.009750004246383455
0 0.9685049204935905 0.23073027131542084 0.007055924125672277 0.009750004246383418
0 0.958049323834639 0.22551316378007563 0.00872368800992273 0.008894740715999355
0 0.9427187250524974 0.2152500014154612 0.006799345066556839 0.007868424479537523
0 0.7659998980867979 0.1323749653212021 0.010006583305498822 0.010776320482844834
0 0.7837038531657573 0.12664469966762584 0.010263162364614118 0.007184213655229872
0 0.8393815089937892 0.16427629500454433 0.011802636719306321 0.011289478601075533
0 0.5938952625000001 0.12810875000000008 0.023059575000000145 0.018057233333333353
0 0.52782775 0.09785068333333329 0.01830125000000058 0.016105099999999827
