0 0.31869375189224536 0.9460383254234997 0.1481770176878874 0.10792334915299533
0 0.5308414644409809 0.722358480808013 0.24609134655653547 0.29591886058080047
0 0.6922226262562172 0.5369740181500419 0.19256484677500868 0.2262908933853169
0 0.7411797906905412 0.45037423395066073 0.15862121276721078 0.16797747085909967
0 0.7669638972926185 0.38509801470489535 0.14621873111051437 0.14882977988034282
0 0.7790399978530848 0.3011092792753436 0.11945548121975158 0.11662684505243376
0 0.7947062904720675 0.2702118688323481 0.10378918860076909 0.10357160120328097
0 0.8211431592666029 0.22930543810500226 0.07833146309492046 0.06701691842565244
0 0.8270180189987225 0.21320397069104693 0.06788726801559673 0.05744307293627348
0 0.9216685369050819 0.15837194652460465 0.020888390158644795 0.027851186878193025
0 0.9810698964187281 0.3041555028401462 0.03786020716254356 0.07572041432508722
0 0.9486384880379052 0.1429116384513881 0.01147125102298852 0.015434235584609254
0 0.7242079736866419 0.12616901169669387 0.04242954250974913 0.03655468277762849
0 0.9313057004478733 0.12569079105402098 0.010657346588014462 0.01168870270943522
0 0.9185856416170174 0.12179455681754256 0.011001131961821358 0.014438985699890576
0 0.6681379967986775 0.13749408888805856 0.05191159144484432 0.04583804984092249
0 0.6176874931925115 0.14872441109908452 0.05517755249601087 0.046754810837740995
0 0.602303097714652 0.11537722983981336 0.04366074247347949 0.03781639111876115
0 0.5777224434874574 0.14563034273482223 0.04916130845438933 0.041025054607625656
0 0.5703310579506085 0.11698156158424566 0.03953531798779653 0.025440117661711992
0 0.5417968719246347 0.12488862518180484 0.04434831322109245 0.03621205937432876
0 0.5124891688075949 0.1280972886706694 0.04245749366515443 0.035295298377510324
0 0.502003714906484 0.15525633320141596 0.048645630393678474 0.04331695709967171
0 0.4759619728406094 0.12993081066430634 0.03884774724018226 0.04171262535523941
0 0.4416693818033693 0.16396556267119122 0.04211370829134774 0.054318089061493165
0 0.42413632773921656 0.14299465486896934 0.029737434834298734 0.03804558136796551
0 0.3901015757323317 0.15021414771891453 0.03180014707714004 0.04194181560444403
0 0.35494952126057394 0.18883270470989177 0.03300339588546446 0.045379669342513036
0 0.3540041114826051 0.15514173807681378 0.02973743483429857 0.03392015688228247
0 0.3182504326066856 0.1701536993997159 0.0283622933390709 0.03689963012194259
0 0.314296900807906 0.20327169040978244 0.032487717824754056 0.046754810837740635
0 0.28490325134741445 0.18482187534881114 0.030425005581912593 0.041483435106034514
0 0.2499230895625603 0.1938748901923929 0.03403475200688547 0.04125424485683082
0 0.26840155340468175 0.2369626570428597 0.041426137543734864 0.06096460628842802
0 0.23565599654957275 0.22974316419291405 0.03850396186637627 0.06073541603922421
0 0.13630202351937373 0.28085258976554284 0.05156780607103741 0.058443513547177514
0 0.11429975959573109 0.20865766126609056 0.03128446901642956 0.03277420563625979
0 0.12315223297125925 0.19135379745114237 0.028018507965263822 0.02246064442205225
0 0.133723633215822 0.18424889972579936 0.016501697942732044 0.014209795450686099
0 0.08928937365127779 0.19570841218602986 0.03283150319856072 0.029336351898190723
0 0.09633697381431958 0.18230078260756014 0.036613142310436775 0.017647649188755353
0 0.11180731563563093 0.16912234327829495 0.037988283805664484 0.024294166415689173
0 0.1289965843259769 0.1575482356934621 0.01942387362009093 0.01260546370625372
0 0.14068528703541217 0.14597412810862917 0.025955795722422344 0.017418458939550536
0 0.5019741259999319 0.2535169961279916 0.07180384117034132 0.08529425981446603
0 0.3113675658022979 0.3044324471396869 0.05613754855135851 0.11401579628260244
0 0.25000791971127934 0.33010776004302267 0.05483202416644243 0.10966404833288505
0 0.1932176089674638 0.35752377212624353 0.06005412170610343 0.09660880448373249
0 0.14132301466708086 0.37406041433517095 0.0633179326683917 0.10879369874294163
0 0.09726156667618929 0.5037425032367561 0.08616460940440933 0.17145886921887615
0 0.023825820024704146 0.461095373329524 0.04765164004940829 0.11227509710271556
