0 0.9352678571428571 0.9464285714285713 0.1294642857142854 0.1071428571428566
0 0.9581766917293231 0.7269736842105263 0.0836466165413532 0.1795112781954889
0 0.9613486842105261 0.5601503759398495 0.07730263157894726 0.12781954887218036
0 0.9669877819548869 0.48872180451127806 0.06602443609022508 0.0921052631578943
0 0.9505404135338346 0.3087406015037595 0.05568609022556391 0.04981203007518813
0 0.9593515037593984 0.29699248120300753 0.06625939849624045 0.06766917293233088
0 0.44161184210526316 0.6959586466165413 0.1924342105263156 0.23966165413533835
0 0.3016917293233083 0.5037593984962406 0.12406015037593993 0.17481203007518784
0 0.5494595864661657 0.6104323308270674 0.21076127819548934 0.24718045112781897
0 0.6784539473684211 0.4022556390977443 0.1360432330827068 0.11654135338345849
0 0.7020676691729322 0.36184210526315785 0.12406015037593968 0.09586466165413528
0 0.022556390977443604 0.4074248120300753 0.04511278195488721 0.06484962406015046
0 0.03735902255639097 0.3543233082706767 0.05921052631578946 0.07142857142857154
0 0.05639097744360901 0.31625939849624063 0.05780075187969925 0.06109022556390988
0 0.5018796992481203 0.33881578947368396 0.10573308270676679 0.10244360902255599
0 0.5427631578947368 0.3078007518796992 0.11278195488721787 0.1062030075187969
0 0.5952772556390978 0.2852443609022556 0.08952067669172963 0.081766917293233
0 0.6372180451127821 0.25751879699248126 0.10150375939849658 0.0789473684210527
0 0.6699953007518795 0.2476503759398497 0.05568609022556371 0.05733082706766932
0 0.6812734962406014 0.23731203007518797 0.07119360902255654 0.05357142857142858
0 0.2911184210526315 0.26409774436090233 0.06625939849624046 0.058270676691729494
0 0.25093984962406013 0.24248120300751871 0.04793233082706764 0.056390977443608985
0 0.29174999999999973 0.21683333333333288 0.05349999999999949 0.04366666666666664
0 0.3353749999999993 0.24316666666666567 0.06675000000000153 0.05499999999999798
0 0.3328749999999994 0.19616666666666618 0.054749999999998834 0.04899999999999917
0 0.3712499999999997 0.18733333333333313 0.052999999999999436 0.0419999999999997
0 0.4179999999999988 0.20599999999999943 0.06500000000000203 0.047999999999998974
0 0.3826249999999993 0.151166666666666 0.040749999999998836 0.03833333333333277
0 0.47062499999999924 0.18833333333333285 0.06524999999999853 0.04066666666666574
0 0.4486249999999993 0.1584999999999996 0.04524999999999868 0.03433333333333264
0 0.49887499999999846 0.17699999999999927 0.06225000000000275 0.049333333333331994
0 0.4704999999999995 0.14599999999999982 0.04199999999999933 0.023333333333333105
0 0.49587499999999934 0.14283333333333295 0.052749999999998715 0.03699999999999924
0 0.5199999999999997 0.14049999999999982 0.041499999999999294 0.032333333333332936
0 0.5406249999999988 0.1356666666666664 0.04174999999999798 0.032666666666666205
0 0.5567499999999996 0.13049999999999987 0.03799999999999947 0.024999999999999772
0 0.5661249999999997 0.15933333333333327 0.04875000000000005 0.033333333333333375
0 0.7497499999999991 0.3001666666666657 0.08799999999999839 0.06433333333333317
0 0.7744999999999987 0.29016666666666613 0.07549999999999764 0.06033333333333225
0 0.7957499999999981 0.2631666666666657 0.0744999999999959 0.05566666666666502
0 0.8027499999999985 0.23899999999999946 0.06799999999999692 0.04733333333333241
0 0.8148749999999976 0.22599999999999923 0.04524999999999537 0.03133333333333199
0 0.7108749999999994 0.21783333333333318 0.06474999999999892 0.04233333333333308
0 0.7188749999999995 0.2096666666666665 0.05974999999999922 0.036666666666666514
0 0.7352500000000001 0.20333333333333328 0.060000000000000143 0.04800000000000001
0 0.742499999999999 0.194833333333333 0.04549999999999817 0.037666666666665974
0 0.7732499999999902 0.1959999999999968 0.022999999999988384 0.023333333333331187
0 0.7644999999999977 0.18633333333333302 0.04749999999999539 0.029333333333332705
0 0.8142499999999991 0.17733333333333312 0.01949999999999815 0.021999999999999666
0 0.7944999999999999 0.16583333333333333 0.02250000000000014 0.023666666666666655
0 0.778125 0.15783333333333333 0.020250000000000056 0.02299999999999999
0 0.7528750000000001 0.15916666666666665 0.03474999999999994 0.021666666666666678
0 0.758375 0.1465 0.023750000000000143 0.022333333333333327
0 0.7242499999999998 0.13366666666666666 0.023500000000000087 0.02333333333333332
0 0.7077500000000001 0.12716666666666665 0.019499999999999885 0.01833333333333334
0 0.691 0.11999999999999997 0.026500000000000058 0.017999999999999988
0 0.677375 0.11416666666666664 0.020250000000000056 0.017666666666666674
0 0.6621250000000001 0.10866666666666668 0.019250000000000114 0.018666666666666654
0 0.6473749999999999 0.10216666666666666 0.019749999999999872 0.01966666666666667
0 0.6295000000000001 0.09683333333333334 0.013500000000000014 0.017666666666666674
0 0.585874999999999 0.15233333333333315 0.050249999999998095 0.03599999999999974
0 0.576624999999999 0.12949999999999978 0.04174999999999827 0.022333333333332962
0 0.600375 0.1225 0.04275000000000006 0.027666666666666676
0 0.6084999999999985 0.15083333333333301 0.033000000000002805 0.025666666666667292
0 0.6413749999999997 0.14699999999999994 0.04124999999999943 0.024666666666666493
0 0.619749999999998 0.1251666666666664 0.03299999999999642 0.021666666666666237
0 0.6313749999999982 0.12166666666666641 0.03324999999999656 0.02133333333333287
0 0.6632499999999983 0.14266666666666622 0.04499999999999692 0.029333333333332504
0 0.6761249999999993 0.1413333333333331 0.03774999999999884 0.026666666666666262
0 0.688499999999999 0.14083333333333317 0.0295000000000018 0.023666666666666933
0 0.6481249999999984 0.11716666666666634 0.03774999999999701 0.022333333333332678
