0 0.5779141104294478 0.3760736196319019 0.16196319018404906 0.19509202453987728
0 0.7601226993865029 0.5447852760736197 0.17300613496932513 0.2822085889570553
0 0.6478527607361962 0.8447852760736196 0.26319018404907973 0.29815950920245415
0 0.20475460122699382 0.6742331288343558 0.17944785276073616 0.2515337423312883
0 0.23650306748466257 0.2282208588957055 0.06625766871165645 0.07116564417177912
0 0.37730061349693245 0.20490797546012274 0.08650306748466256 0.08588957055214724
0 0.32806748466257674 0.15766871165644172 0.057975460122699406 0.05521472392638039
0 0.29033742331288337 0.13496932515337423 0.048773006134969314 0.05153374233128833
0 0.21625766871165644 0.18834355828220858 0.047852760736196306 0.040490797546012265
0 0.20383435582822088 0.16441717791411045 0.0285276073619632 0.029447852760736203
0 0.07776073619631901 0.22269938650306748 0.039570552147239264 0.03067484662576689
0 0.048312883435582814 0.24539877300613497 0.0303680981595092 0.03435582822085888
0 0.09524539877300614 0.18957055214723925 0.05061349693251534 0.025766871165644148
0 0.2245398773006135 0.08957055214723926 0.027607361963190195 0.02699386503067485
0 0.19923312883435582 0.07300613496932516 0.0174846625766871 0.01595092024539879
0 0.17714723926380366 0.10674846625766872 0.015644171779141125 0.024539877300613515
0 0.1684049079754601 0.09570552147239264 0.011042944785276064 0.017177914110429456
0 0.17944785276073616 0.06134969325153374 0.012883435582822038 0.007361963190184042
0 0.1647239263803681 0.08588957055214724 0.009202453987730053 0.01717791411042944
0 0.15966257668711656 0.07607361963190185 0.008282208588957047 0.014723926380368093
0 0.3174846625766871 0.06564417177914111 0.031288343558282215 0.02331288343558282
