0 0.29957706766917264 0.48308270676691706 0.10855263157894686 0.1428571428571427
0 0.7168703007518797 0.38392857142857145 0.0803571428571432 0.11748120300751896
0 0.1367481203007518 0.29417293233082714 0.057800751879699325 0.04699248120300767
0 0.06396240601503739 0.287593984962405 0.04551127819548852 0.04728822055137873
0 0.026499999999999996 0.3011666666666667 0.040999999999999995 0.03966666666666668
0 0.006624999999999999 0.23499999999999996 0.013249999999999998 0.016000000000000014
0 0.007624999999999998 0.2218333333333333 0.015249999999999996 0.01166666666666668
0 0.021738853572441298 0.21338835793403244 0.02052229285511751 0.013889950798601773
0 0.030081011613978602 0.20392409761837232 0.013963243457613256 0.008092357149608449
0 0.03900000000000001 0.1768333333333333 0.012999999999999998 0.009666666666666686
0 0.16499999999999967 0.2553333333333329 0.05400000000000052 0.031333333333332644
0 0.191625 0.23699999999999996 0.04574999999999996 0.02333333333333332
0 0.26549999999999974 0.18283333333333313 0.04499999999999967 0.026999999999999646
0 0.34124999999999894 0.19949999999999943 0.03849999999999923 0.03700000000000004
0 0.45757667954984305 0.15169176777340138 0.019615469069368743 0.025025010899050758
0 0.4840363950211139 0.15197400473842826 0.029634881327823236 0.02521316887573537
0 0.770624999999997 0.2631666666666656 0.060750000000006084 0.04633333333333544
0 0.8341249999999982 0.3141666666666655 0.05525000000000337 0.05233333333333525
0 0.8689999999999969 0.3436666666666652 0.06850000000000621 0.06533333333333612
0 0.9129999999999964 0.3853333333333319 0.060999999999993816 0.059333333333335896
0 0.923125 0.28033333333333327 0.03724999999999994 0.03533333333333335
0 0.9907499999999998 0.3171666666666666 0.016500000000000056 0.025
0 0.94475 0.28033333333333327 0.03200000000000003 0.03533333333333335
0 0.9496249999999997 0.25816666666666666 0.013749999999999858 0.017666666666666622
0 0.926625 0.2561666666666666 0.029749999999999943 0.025
0 0.8973749999999999 0.2583333333333333 0.03275000000000006 0.033333333333333354
0 0.872875 0.23949999999999994 0.030750000000000027 0.029666666666666616
0 0.8362499999999998 0.21816666666666662 0.034499999999999885 0.03366666666666667
0 0.818125 0.19949999999999996 0.033249999999999884 0.021666666666666643
0 0.7958749999999999 0.18966666666666662 0.027750000000000056 0.019999999999999966
0 0.7814999999999999 0.17999999999999997 0.02 0.012000000000000028
0 0.7583749999999999 0.16833333333333328 0.02075000000000017 0.019333333333333355
0 0.741 0.1515 0.026499999999999916 0.022333333333333344
0 0.759124999999999 0.1608333333333331 0.020250000000001978 0.022333333333332962
0 0.8314999999999985 0.19049999999999986 0.03149999999999709 0.015666666666666405
0 0.8582549332327534 0.20067543874548727 0.025582240362146638 0.014842108243076212
0 0.9159999999999988 0.1881666666666665 0.01399999999999859 0.011666666666666358
0 0.8401727183489096 0.20536182135758282 0.03194409285985873 0.031302645212073
0 0.8669210852616858 0.21511182560396627 0.029763170857385376 0.017618428725920954
0 0.883085565985953 0.22665788326415703 0.02796711744357759 0.018473692256305328
0 0.8941184655279124 0.23521051856800226 0.02155264096568971 0.012657900249690789
0 0.905343799364214 0.2429078903414631 0.03399672533277338 0.020526324729227743
