0 0.1800840336552162 0.5458108506666778 0.09162170133335565 0.27065261198474
0 0.3704360165977906 0.501579684505747 0.10267949287358885 0.22852769183147367
0 0.4743002728506889 0.4478704113103318 0.1255849182069283 0.20114649373185023
0 0.6394370115631299 0.3973205071264117 0.11926618018393768 0.15691532757091958
0 0.6935412058849818 0.36625337851337714 0.12953412947129753 0.14743722053643457
0 0.7460657157010867 0.35519558697314474 0.11136775765520081 0.13795911350194956
0 0.7813326450022154 0.3267105005607684 0.09892061478106431 0.1166428758628606
0 0.8226804142298407 0.3257081428658578 0.09399122809197773 0.11479040741765272
0 0.8349229691493812 0.8915283306053307 0.19114182519545522 0.21694333878932529
0 0.9640621774942432 0.6593147082604527 0.0718756450115133 0.16323406559391052
0 0.9794641014252747 0.5671664454251787 0.04107179714943823 0.058974888214577526
0 0.891895974992302 0.29676741507431076 0.07430248479402063 0.08120490141423485
0 0.9840127850340727 0.3530018093036679 0.0319744299318547 0.059685602539462736
0 0.9147348535150563 0.29128608422884944 0.06151271282127842 0.06455789662431721
0 0.939705360699933 0.2975794640884528 0.0389783526788363 0.05197113690510949
0 0.9380305096082666 0.2853987288763173 0.05694493711674016 0.06577597014552883
0 0.9524951326726768 0.28702282690460224 0.05176812465158199 0.06496392113138705
0 0.96650297816663 0.2799173980308569 0.04263257324247569 0.054813308454607836
0 0.967264274117388 0.2309914449287807 0.020402731480326536 0.025173519438412634
0 0.9788359725689163 0.23302156746413646 0.014312363874260913 0.021113274367700677
0 0.985839895315893 0.2618493074661896 0.028320209368214302 0.03735425465054731
0 0.015105240817201795 0.3435528629646963 0.030210481634403586 0.04819291117869156
