0 0.21047008547008544 0.04772079772079772 0.05555555555555557 0.04131054131054132
0 0.24572649572649574 0.08119658119658119 0.061965811965811995 0.02849002849002849
0 0.28418803418803423 0.05128205128205128 0.04914529914529915 0.039886039886039885
0 0.3392094017094017 0.0527065527065527 0.05235042735042729 0.045584045584045586
0 0.4182692307692308 0.06267806267806268 0.06944444444444443 0.05413105413105413
0 0.483974358974359 0.07905982905982906 0.06837606837606841 0.038461538461538464
0 0.655448717948718 0.12891737891737892 0.04594017094017097 0.04985754985754985
0 0.7003205128205129 0.1452991452991453 0.0459401709401709 0.048433048433048444
0 0.732905982905983 0.1574074074074074 0.04487179487179489 0.04700854700854702
0 0.7745726495726495 0.17592592592592593 0.03418803418803407 0.0584045584045584
0 0.8124999999999999 0.20156695156695154 0.0373931623931626 0.049857549857549935
0 0.9097222222222223 0.27492877492877493 0.048076923076923066 0.08547008547008553
0 0.9460470085470086 0.30982905982905984 0.03952991452991441 0.084045584045584
0 0.9727564102564102 0.3290598290598291 0.04166666666666671 0.07407407407407413
0 0.30769230769230765 0.08903133903133903 0.07905982905982906 0.03846153846153846
0 0.2777777777777778 0.10683760683760685 0.06196581196581196 0.03703703703703704
0 0.2451923076923077 0.12179487179487179 0.07585470085470085 0.0413105413105413
0 0.2163461538461538 0.15099715099715097 0.08226495726495724 0.04843304843304841
0 0.17574786324786323 0.17735042735042733 0.0651709401709402 0.05555555555555554
0 0.1378205128205128 0.21438746438746442 0.07478632478632477 0.06980056980056983
0 0.06997863247863247 0.3019943019943019 0.08440170940170938 0.07122507122507118
0 0.026709401709401708 0.3568376068376068 0.053418803418803416 0.08119658119658117
0 0.1602564102564103 0.6723646723646723 0.1730769230769231 0.17948717948717957
0 0.07905982905982906 0.4052706552706553 0.1581196581196581 0.28917378917378916
0 0.2585470085470085 0.5484330484330484 0.19871794871794873 0.19658119658119652
0 0.48130341880341887 0.6175213675213675 0.21688034188034172 0.18660968660968671
0 0.7275641025641025 0.7485754985754985 0.23931623931623988 0.1780626780626782
0 0.875 0.9679487179487181 0.13034188034188027 0.06410256410256418
0 0.8327991452991451 0.611111111111111 0.20192307692307673 0.1481481481481481
0 0.8322649572649573 0.4957264957264957 0.14743589743589713 0.11965811965811944
0 0.8125 0.400997150997151 0.15705128205128205 0.13247863247863242
0 0.7857905982905983 0.32193732193732194 0.11431623931623931 0.08547008547008549
0 0.7724358974358974 0.2727920227920228 0.10042735042735046 0.07834757834757834
0 0.5363247863247863 0.47222222222222227 0.19444444444444442 0.1495726495726496
0 0.3301282051282051 0.4301994301994302 0.1858974358974359 0.15384615384615385
0 0.3830128205128205 0.33262108262108264 0.15064102564102558 0.1210826210826211
0 0.5566239316239315 0.3817663817663818 0.16452991452991456 0.12535612535612536
0 0.5721153846153847 0.3084045584045584 0.13995726495726502 0.09259259259259263
0 0.41399572649572647 0.2621082621082621 0.11645299145299141 0.09686609686609689
0 0.44391025641025633 0.2158119658119658 0.125 0.08404558404558404
0 0.5833333333333333 0.2507122507122506 0.13461538461538447 0.0968660968660968
0 0.45138888888888884 0.17307692307692307 0.10576923076923073 0.06410256410256408
0 0.579594017094017 0.207977207977208 0.1207264957264956 0.0769230769230769
0 0.48771367521367526 0.1452991452991453 0.09294871794871795 0.07407407407407408
0 0.5902777777777777 0.18019943019943022 0.09722222222222221 0.05555555555555557
0 0.5192307692307692 0.11894586894586892 0.08333333333333323 0.04415954415954413
0 0.6153846153846153 0.1452991452991453 0.10042735042735039 0.07407407407407408
0 0.607905982905983 0.17307692307692307 0.08974358974358985 0.06125356125356125
