0 0.23110465116279053 0.7250830564784054 0.2030730897009963 0.3106312292358803
0 0.37375415282392005 0.7483388704318937 0.19684385382059857 0.29069767441860495
0 0.6647352465465967 0.401474296205629 0.08829528763770121 0.15309698665267676
0 0.6148255813953487 0.8870431893687701 0.18064784053156122 0.22591362126245748
0 0.7911129568106311 0.9053156146179397 0.132059800664452 0.1893687707641185
0 0.8343405752753958 0.4901780614326507 0.06802981290435291 0.13461152882205413
0 0.9507261977618452 0.55171358629131 0.09854760447630677 0.2065483476132197
0 0.5835544019933536 0.258466777408637 0.07124667774086266 0.08968438538205997
0 0.6948056478405273 0.3061423034329988 0.06352159468438734 0.09864562569213543
0 0.691193106312289 0.19120210409745172 0.04630481727575132 0.07340088593576813
0 0.7531063122923546 0.21377464008859198 0.044588039867114106 0.08472314507198032
0 0.9274082225913576 0.32907585825027497 0.04882142857142734 0.06211184939091892
0 0.04485049833887043 0.46179401993355484 0.08970099667774085 0.1461794019933555
0 0.9744941860465065 0.32143133997784956 0.038858803986712306 0.06942303433001071
0 0.9341374584717534 0.2787502768549262 0.051796511627908964 0.09635105204872593
0 0.20431893687707636 0.9343853820597998 0.22176079734219256 0.13122923588039753
0 0.4883720930232556 0.16196013289036537 0.06478405315614562 0.05481727574750812
0 0.03207236842105263 0.6010338345864661 0.06414473684210525 0.14755639097744325
0 0.053999999999999986 0.15749999999999978 0.015499999999999993 0.017000000000000036
0 0.156625 0.09933333333333333 0.011250000000000017 0.014000000000000004
0 0.15299999999999997 0.09149999999999998 0.010500000000000008 0.010999999999999996
0 0.19124999999999998 0.09783333333333331 0.016499999999999987 0.017666666666666674
0 0.17274999999999976 0.08983333333333317 0.012500000000000544 0.014999999999999715
0 0.16837499999999983 0.0853333333333332 0.010249999999999758 0.013333333333333131
0 0.1817499999999999 0.07949999999999993 0.011500000000000147 0.012333333333333247
0 0.188375 0.08466666666666667 0.011750000000000007 0.012000000000000002
0 0.3883749999999994 0.04799999999999984 0.028750000000000987 0.0153333333333333
0 0.2883749999999998 0.05116666666666667 0.02724999999999998 0.015666666666666666
0 0.26737499999999936 0.06216666666666662 0.026249999999999944 0.01500000000000004
0 0.25625 0.061166666666666654 0.015499999999999972 0.013666666666666662
0 0.24987499999999996 0.06016666666666666 0.011750000000000043 0.014333333333333326
0 0.24349999999999994 0.06016666666666666 0.011499999999999986 0.012999999999999989
0 0.23999999999999946 0.059333333333333196 0.010499999999999031 0.010666666666666942
0 0.541875 0.05266666666666667 0.011750000000000043 0.015333333333333332
0 0.8241249999999954 0.37449999999999867 0.05625000000000879 0.08366666666666928
0 0.8569999999999964 0.2841666666666661 0.02300000000000004 0.05033333333333235
0 0.8188749999999988 0.15866666666666646 0.034749999999998095 0.032666666666666316
0 0.8933749999999974 0.2128333333333327 0.03224999999999501 0.03699999999999889
0 0.9294999999999962 0.2153333333333322 0.021499999999997067 0.018666666666667865
0 0.9517499999999973 0.22399999999999942 0.01649999999999423 0.021999999999998927
0 0.7759999999999977 0.2044999999999995 0.020500000000003942 0.050333333333334146
0 0.74875 0.11916666666666666 0.019000000000000197 0.024333333333333335
