0 0.4094276966438584 0.7715490720623834 0.1925648467750075 0.29243746222102357
0 0.5478132814448788 0.7075783772015332 0.21998085885822763 0.2828636167316462
0 0.6870005287165573 0.5147959430290394 0.17559302977110744 0.18625481224791474
0 0.7313883578036776 0.4543066465279638 0.15209359084263183 0.15057047906023205
0 0.7982964825305863 0.36379028917383716 0.10574747517813937 0.1070529995630544
0 0.8351354602605053 0.31945857494530105 0.10052537763847721 0.0922570565340135
0 0.854760412178173 0.30895826500739454 0.08159527405720554 0.07920181268486098
0 0.87051677135034 0.2669156955623352 0.06820205046464078 0.06207812711418744
0 0.8983260945102761 0.23134660651312494 0.04932694424749046 0.043958025145722154
0 0.8984519285517237 0.21658207898326412 0.04152523367773435 0.03724687626851263
0 0.9896816086012891 0.24933248499202634 0.020636782797418943 0.02489836131040722
0 0.3789543875987843 0.45165473226782177 0.1411229529839951 0.21027197172201975
0 0.46849192695938696 0.4197209047866742 0.14112295298399516 0.16409074428774434
0 0.5466069818748092 0.37452225665951194 0.13743828058232607 0.143456578838386
0 0.5957973584371153 0.34799261536748133 0.1267527306174801 0.10317082724678446
0 0.6899407382998081 0.28093157765707083 0.10501316344761984 0.09973179967189222
0 0.632828316073909 0.22959180886045644 0.07185111183258228 0.06190249634807102
0 0.7334198726395261 0.2514541984437041 0.08806367039993139 0.07909763422253527
0 0.7523959355081301 0.23745244331735435 0.08253666179742664 0.07074571011208099
0 0.7921903974461749 0.22590713645878566 0.07443038251375172 0.066324103230076
0 0.7161019123516711 0.17456736766217112 0.051216946383225374 0.03537285505604057
0 0.812271862035281 0.2136248951198828 0.057112422225898775 0.05551573085184113
0 0.8224047111398763 0.21018586754498972 0.05158541362339239 0.049620255009167905
0 0.8362222326461424 0.19913185033997707 0.049006142942222795 0.04618122743427516
0 0.6997051201642364 0.15073981946469941 0.021371099929692786 0.0338989860953722
0 0.705969063247077 0.14656385740947242 0.029477379213365892 0.023581903370693616
0 0.7218131545742615 0.14484434362202586 0.041268330898714976 0.032916406788259925
0 0.7299194338579373 0.13821193329901849 0.04200526537904728 0.04225091020582601
0 0.7905322948654233 0.15540707117348254 0.027635043012531182 0.030459958520479242
0 0.8483816515716562 0.15737222978770696 0.02100263268952405 0.02259932406358147
0 0.8756482273440207 0.1399314470864647 0.0246873050911951 0.022108034410025342
0 0.8485540157404311 0.1936030705512137 0.04005099604850715 0.038045581367966146
0 0.8515621377612422 0.18764412407189396 0.03678503499734058 0.033461776383873584
0 0.8641962502486458 0.18901926556712134 0.03455043006759387 0.03575367887591888
0 0.8679778893605219 0.18626898257666613 0.03008122020810375 0.030711493393417652
0 0.8801822701306676 0.15658884530466882 0.015642234508216012 0.019022790683983243
0 0.3073544540824072 0.22218851488256441 0.06776265425863655 0.045459222982733666
0 0.3587802000816238 0.18629467006911477 0.06634205354042613 0.05322517357561705
0 0.31488363788892215 0.17492986432343127 0.05355664707653205 0.041860367829933284
0 0.30351883214323866 0.1696262883087791 0.03622531831436597 0.02973790836787128
0 0.29464007765442346 0.1683951010196635 0.05284634671742829 0.03826151267713385
0 0.28888664474567133 0.1613868041431587 0.046737763629123213 0.0314426292297238
0 0.2730469467376253 0.16148151085770615 0.027843774076924795 0.02594963978597685
0 0.2715553159835047 0.1523896662611595 0.04418068233634402 0.030495562084250062
0 0.25377370112787195 0.14620332313745968 0.036245521584133994 0.027798925108774596
0 0.24868168648054334 0.141605808600239 0.031193601540327607 0.026943573566966326
0 0.24066276577608875 0.14235424119932172 0.02782565484445739 0.02630205991061207
0 0.2369339676485175 0.1404831597016158 0.023094491628829192 0.021276869602487328
0 0.23400706159139173 0.13968126763116978 0.023495437664051842 0.023949843170637742
0 0.2303183580673427 0.13647369934938852 0.025419978633120913 0.02309449162883044
0 0.2301980742567759 0.13604602357848355 0.030471898676927064 0.02373600528518531
0 0.09802471828774059 0.3579374289228931 0.0707187312935949 0.06409147177735007
0 0.0951305353344441 0.32991838236054344 0.055870314402768816 0.05838699523172211
0 0.1073364373548686 0.30391268046135694 0.05209529315933792 0.03858910604395413
0 0.1028064118627514 0.2920003912043103 0.06920872279622181 0.06576925899665201
0 0.104819756525915 0.268846927577937 0.0556186463198729 0.042951352814141586
0 0.11299896922001423 0.24821014478051825 0.05486364207118715 0.03053572739130332
0 0.11488647984172946 0.23344561725065738 0.037498544351407835 0.024495693401815
0 0.17780350056556826 0.2574379744866813 0.047565267667222064 0.03288462949832651
0 0.17843267077280653 0.2545857362138674 0.06946039087911786 0.052682518686094394
0 0.16496842833790457 0.24787458733665713 0.04353857834089735 0.039260220931676956
0 0.1804460154359691 0.22119777054975015 0.046810263418535385 0.029529055059722066
0 0.16811427937409668 0.2240500088225641 0.04882360808169816 0.037917991156234045
0 0.16824011341554448 0.21649996633570356 0.049075276164593756 0.03892466348781516
0 0.1671076070425154 0.21264105573130787 0.0493269442474892 0.031206842279024604
0 0.16496842833790507 0.20794325151726162 0.045048586838268345 0.03120684227902398
0 0.16383592196487556 0.20056098775233097 0.053856969739605846 0.0479847144720474
0 0.12218485424569468 0.21029215362428488 0.04152523367773344 0.036575761380791674
0 0.12520487124043903 0.20190321752777304 0.03145851036191949 0.021140118963209564
0 0.13350991797598563 0.17740752412595842 0.030451838030337894 0.02449569340181444
0 0.16345841984053291 0.16666968592242334 0.029948501864547335 0.017784544524604973
0 0.14911333911549776 0.14754291162237648 0.010821727564500278 0.013757855198279377
0 0.19365858978797562 0.1401606478574461 0.01182839989608173 0.014428970086000366
0 0.06165868030936182 0.2248889024322144 0.031206842279023886 0.022146791294791336
0 0.05083695274486164 0.24267344695682072 0.03322018694218674 0.027515710396558635
0 0.034856029481006606 0.2658269105831934 0.036491872019826364 0.034897974161489
0 0.02051094875597136 0.2923359486481709 0.04102189751194272 0.02952905505972113
0 0.013841744559244518 0.30038932730082213 0.027683489118489037 0.018791216856186146
0 0.012583404144767748 0.309449378285055 0.025166808289535488 0.019462331743906994
0 0.009815055232918838 0.327905037697381 0.019630110465837677 0.028857940172000426
