0 0.39018404907975457 0.6748466257668712 0.16012269938650306 0.3165644171779141
0 0.3542944785276073 0.4269938650306749 0.11411042944785273 0.1963190184049079
0 0.34141104294478525 0.2822085889570552 0.07546012269938654 0.13006134969325153
0 0.3331288343558282 0.1920245398773006 0.05705521472392636 0.08466257668711659
0 0.3225460122699386 0.04846625766871166 0.028527607361963164 0.03558282208588958
0 0.1670245398773006 0.40981595092024536 0.08374233128834353 0.12024539877300619
0 0.20797546012269938 0.2748466257668712 0.06809815950920246 0.09815950920245403
0 0.22223926380368095 0.19631901840490798 0.06165644171779142 0.06871165644171778
0 0.26825153374233124 0.04662576687116564 0.037730061349693214 0.03680981595092024
0 0.1613036397176321 0.13659585867825424 0.04605231806866858 0.05151615241579876
0 0.09261543649656716 0.17198069064062105 0.03122191055502953 0.04110884889745556
0 0.3244381223676615 0.01925351150893488 0.024977528444023598 0.020814607036686358
0 0.2805323106496512 0.027319171735650846 0.02536780232596147 0.020294241860769197
