0 0.4419642857142858 0.6893796992481199 0.16776315789473692 0.33176691729323354
0 0.8307095864661654 0.7993421052631579 0.11771616541353389 0.2979323308270676
0 0.888157894736842 0.537593984962406 0.08599624060150392 0.24999999999999983
0 0.9641682330827056 0.6165413533834586 0.07166353383458449 0.18796992481202993
0 0.9508928571428572 0.331296992481203 0.06203007518797026 0.09492481203007502
0 0.9913063909774436 0.4158834586466165 0.017387218045112455 0.05545112781954888
0 0.8673637218045113 0.27584586466165406 0.06273496240601521 0.10244360902255628
0 0.7676221804511277 0.22462406015037595 0.0521616541353383 0.08646616541353382
0 0.7161654135338347 0.20065789473684212 0.050751879699248124 0.09116541353383457
0 0.6608317669172931 0.18280075187969932 0.050046992481202895 0.06672932330827071
0 0.5540413533834587 0.15930451127819553 0.05357142857142854 0.0648496240601504
0 0.4874295112781955 0.1405075187969925 0.0627349624060151 0.06296992481203008
0 0.4306860902255636 0.3721804511278195 0.13251879699248087 0.22180451127819542
0 0.1504934210526315 0.5112781954887218 0.14309210526315785 0.22744360902255653
0 0.2537593984962405 0.35009398496240607 0.1282894736842104 0.14943609022556387
0 0.6269971804511277 0.45629699248120287 0.10361842105263143 0.22274436090225586
0 0.878749999999998 0.0981666666666665 0.019999999999996364 0.022333333333333046
0 0.8877499999999999 0.08516666666666665 0.024499999999999886 0.022333333333333316
