0 0.27948778195488727 0.8524436090225563 0.19384398496240615 0.29511278195488727
0 0.09727443609022553 0.657424812030075 0.11137218045112775 0.26221804511278174
0 0.28089755639097747 0.5399436090225564 0.12476503759398513 0.19830827067669174
0 0.580827067669173 0.5728383458646619 0.17622180451127833 0.20394736842105257
0 0.9542998120300749 0.9534774436090224 0.09140037593984882 0.09304511278195489
0 0.9828477443609023 0.7462406015037594 0.03430451127819552 0.1184210526315789
0 0.9906015037593986 0.6156015037593986 0.018796992481203034 0.07706766917293244
0 0.9920112781954887 0.5545112781954887 0.015977443609022687 0.050751879699248124
0 0.9937734962406014 0.4906015037593985 0.012453007518797108 0.052631578947368356
0 0.9920112781954886 0.4332706766917294 0.015977443609022816 0.04699248120300763
0 0.9902490601503758 0.38063909774436083 0.019501879699248263 0.03947368421052637
0 0.9934210526315789 0.32941729323308266 0.013157894736842195 0.029135338345864667
0 0.9085996240601502 0.25939849624060146 0.0408834586466162 0.04323308270676687
0 0.806390977443609 0.2955827067669173 0.0789473684210526 0.0648496240601504
0 0.8204887218045113 0.28665413533834583 0.07189849624060145 0.06203007518796994
0 0.7232142857142857 0.2523496240601504 0.0789473684210526 0.05169172932330824
0 0.6960761278195489 0.27960526315789475 0.06273496240601503 0.04229323308270679
0 0.6224154135338346 0.31672932330827064 0.10291353383458648 0.07706766917293237
0 0.6763392857142857 0.29182330827067665 0.0542763157894737 0.06296992481203006
0 0.7722039473684211 0.19971804511278193 0.03453947368421055 0.03665413533834585
0 0.7397791353383458 0.18796992481203006 0.027490601503759548 0.033834586466165426
0 0.7073543233082706 0.17857142857142858 0.04017857142857139 0.04135338345864662
0 0.6735197368421052 0.17105263157894732 0.044407894736841785 0.04887218045112779
0 0.5713110902255637 0.1701127819548872 0.05850563909774438 0.0469924812030075
0 0.4740366541353383 0.18984962406015035 0.0669642857142857 0.04887218045112782
0 0.3936795112781955 0.21522556390977443 0.07683270676691727 0.0582706766917293
0 0.29887218045112773 0.25187969924812026 0.0662593984962404 0.06390977443609011
0 0.5113956766917293 0.36043233082706755 0.12617481203007513 0.1644736842105262
0 0.03841635338345863 0.4135338345864662 0.047227443609022535 0.08834586466165405
0 0.10150375939849622 0.37218045112781967 0.050751879699248076 0.08458646616541374
0 0.19701597744360902 0.30639097744360905 0.05145676691729324 0.06954887218045105
0 0.25093984962406024 0.27631578947368424 0.060620300751879956 0.07518796992481205
0 0.11524906015037593 0.20488721804511278 0.06414473684210527 0.06390977443609021
0 0.33305921052631576 0.0817669172932331 0.0458176691729323 0.022556390977443615
0 0.3520911654135338 0.05827067669172932 0.027490601503759392 0.011278195488721802
0 0.5219689849624057 0.05968045112781953 0.052866541353383256 0.023496240601503734
0 0.8409304511278195 0.10244360902255638 0.02537593984962399 0.02443609022556391
0 0.8028665413533834 0.08411654135338345 0.021146616541353466 0.015977443609022545
0 0.8765272556390977 0.1343984962406015 0.02890037593984957 0.02443609022556391
0 0.9237546992481203 0.149906015037594 0.02890037593984971 0.02161654135338349
