0 0.31515865829548384 0.8793090269074924 0.24344343796143963 0.2398826794385242
0 0.24235051691902554 0.6975229338954858 0.20914771113546315 0.2061491776424816
0 0.22095443676407803 0.5877016447150365 0.19452986035717815 0.15892227512802207
0 0.1944791382345436 0.4453130302600583 0.14208268634355237 0.11962407990267948
0 0.19639917453648348 0.37968269848465824 0.12358051834304064 0.10752203290863427
0 0.19570097951759627 0.34128197244586034 0.10403105781419802 0.08099062219091933
0 0.831232995459702 0.6550042675991915 0.12253322581471003 0.18804719175362888
0 0.7601916522879258 0.5637734517979259 0.12288232332415333 0.1517410507714925
0 0.6256145623974114 0.4339091782849001 0.10856932543696508 0.11636583648120592
0 0.5449045582372714 0.328912127453427 0.11135068431812677 0.10205159076693412
0 0.49614392666755647 0.31031394035104176 0.10157471417456534 0.06994190021409817
0 0.47039259067963823 0.2753429902439927 0.09728282484324552 0.07057773567059006
0 0.44130311854513843 0.2565858442774846 0.09108342914245057 0.05913269745373758
0 0.5567279263037875 0.14125905707540154 0.018464715332514956 0.01453447471957002
0 0.6405977778743677 0.16439556785349269 0.02447130947682709 0.023729754644196
0 0.6268604745998763 0.15727664146023382 0.026584740749825926 0.028179083639982762
