0 0.16346028455757655 0.8252107848295226 0.1801839440337642 0.24168385307522772
0 0.33636134462590433 0.7802547109688036 0.23467070555295624 0.26685925443723124
0 0.6686766426043436 0.60079006411681 0.2281970309170125 0.22154353198562618
0 0.8400462892035595 0.49397443262374013 0.13864453178645908 0.16471905462567668
0 0.8805834946661499 0.46009782281578515 0.11450897771738902 0.14227635619684037
0 0.9149361879813662 0.43711213791134484 0.10318391398710194 0.12717627122311953
0 0.9520572302084325 0.42687763587360145 0.07373874828834286 0.09999611827041978
0 0.968289821555182 0.41228088706567134 0.06342035688963596 0.0929494119493488
0 0.9769723704150749 0.39268433183219853 0.04605525916985017 0.07187640345087332
0 0.9827607363216564 0.36466528526985065 0.034478527356663555 0.046709595161334105
0 0.9859065873578525 0.3392971430260149 0.028186825284275484 0.03489797416148913
0 0.1058264288574961 0.3431560536304134 0.11199229688843214 0.14663860296702494
0 0.4853418978636914 0.2805745903504342 0.10242890973840858 0.1476452752986084
0 0.5990958713323914 0.2720178755319922 0.07172540362517496 0.12449181167223564
0 0.727801216816739 0.19613890858828703 0.036814256754114344 0.06267436554749335
0 0.7705431928787189 0.20847965755670927 0.0440939120444756 0.07182593219823348
0 0.8195248734752948 0.26535803046891004 0.04804572491638473 0.0802010014383546
0 0.8442757014625241 0.2540988307096413 0.055949350660206 0.0820867796551244
0 0.8757862093622323 0.26380503776345654 0.03577430599834584 0.05546404030751666
0 0.8948173081927482 0.26352771756191906 0.04055807947487034 0.05657332111366677
0 0.9133284316453815 0.25909059433731785 0.040974059777176705 0.056018680710591545
0 0.9272637717726451 0.25853595393424256 0.035566315847193816 0.05047227667983985
0 0.9468148459810447 0.2654689589726823 0.02558278859184068 0.04437123224601292
0 0.9538865111202525 0.2597838948411618 0.03889415826564584 0.051858877687527914
0 0.9178002198951751 0.2253961898505016 0.0349423453937345 0.0379928676106489
0 0.8309643317887192 0.1587006813807136 0.043053961288710134 0.03771554740911102
0 0.6180864120834336 0.09193164680970814 0.06364498625287521 0.04187535043217478
0 0.4445186309460998 0.03868616811449254 0.07924424758936299 0.05352279889675313
0 0.1750237121954058 0.03300110398297215 0.020591024964165414 0.015529931286104547
0 0.19467878147938159 0.02731603985145175 0.020799015115318554 0.012479409069191144
0 0.1994625549559052 0.02079901511531858 0.024958818138382313 0.010538167658428086
0 0.20414233335685192 0.014004670177647846 0.022254946173390754 0.01247940906919115
0 0.21287791970528558 0.0061010444338267834 0.021838965871084564 0.012202088867653567
0 0.18604719020652474 0.012063428766884775 0.017679162848020773 0.011924768666115991
0 0.16971996334099967 0.01955107420839946 0.017887152999174004 0.012479409069191144
0 0.15172881526624898 0.028841300959908403 0.018095143150327224 0.012756729270728701
0 0.11845039108173928 0.04686711405985118 0.017263182545714302 0.014975290883029407
0 0.11980232706423494 0.05407743929982829 0.017887152999173827 0.01386601007687905
0 0.11075475548907143 0.06045580393519266 0.02183896587108444 0.0166392120922549
0 0.10316311497198008 0.07224191250053984 0.0216309757199311 0.021353655518393813
0 0.10129120361160134 0.061703744842111774 0.015807251487641796 0.014143330278416695
0 0.09297159756547402 0.06780478927593854 0.014559310580722967 0.014143330278416718
0 0.07997221311839989 0.08430534126742466 0.016431221941101585 0.02052169491378101
0 0.07092464154323631 0.07654037562437237 0.013727349976110218 0.014975290883029442
0 0.06021314875884725 0.0818094594535864 0.013103379522650626 0.011092808061503246
0 0.05854922754962172 0.0923476271120145 0.018927103754939743 0.019967054510705927
0 0.04929366582330499 0.09109968620509537 0.013727349976110258 0.015252611084567021
0 0.0381661927366096 0.10000166425129464 0.01684720224340806 0.01741570950287429
0 0.018407128377056926 0.11578118414194007 0.016431221941101647 0.019689734309168355
0 0.022982911702427035 0.08375070086434948 0.012271418918037966 0.01275672927072874
0 0.005719729156712606 0.11938634676192846 0.011439458313425212 0.015807251487642227
0 0.011439458313425223 0.138133191962712 0.022878916626850446 0.019467877301624265
