0 0.40122699386503063 0.5012269938650307 0.19141104294478528 0.2687116564417178
0 0.28435582822085886 0.3202453987730061 0.13067484662576687 0.17177914110429449
0 0.20797546012269938 0.061963190184049076 0.042331288343558315 0.03067484662576687
0 0.1404222353691475 0.09011987016579955 0.029956743545418173 0.030456022604508456
0 0.13349473842426954 0.07589041698172594 0.019097424010204058 0.017974046127250877
0 0.12787784900950366 0.06964942874309715 0.019097424010204093 0.015477650831799377
0 0.18048937986114424 0.04268835955222084 0.02396539483633454 0.025463232013605404
0 0.19303376622078808 0.04768115014312386 0.02359093554201678 0.030456022604508432
0 0.1514687845515204 0.029956743545418135 0.021344179776110438 0.01997116236361209
0 0.11664407017997185 0.05017754543857537 0.01685066824429768 0.01447909271361877
0 0.11258230567923862 0.04232493527201837 0.013509136485318117 0.009203304661530605
0 0.11056086554822388 0.037723282941253065 0.011241179265155238 0.007362643729224478
0 0.10908176301333501 0.03456786420015686 0.010649538251199697 0.007099692167466465
0 0.10651798528619437 0.030820804445105113 0.009663469894607122 0.008282974195377544
0 0.10602495110789807 0.025561773209944773 0.010649538251199697 0.00802002263361953
0 0.1347688437025713 0.02077317337888336 0.010353717744221917 0.012095771840868795
0 0.1323036728110899 0.019918580803169803 0.010550931415540461 0.011701344498231767
0 0.1302329292622455 0.01939267767965377 0.010353717744221917 0.01143839293647375
0 0.12801427545991223 0.016894637842952608 0.01104396559383673 0.010123635127683661
0 0.1218020448133791 0.014396598006251442 0.009860683565925647 0.009071828880651594
