0 0.9583333333333333 0.5776353276353277 0.07478632478632477 0.1467236467236467
0 0.6469017094017094 0.5356125356125356 0.1784188034188034 0.13960113960113965
0 0.6655982905982905 0.4294871794871793 0.07264957264957284 0.1011396011396017
0 0.6020299145299145 0.3903133903133903 0.09508547008547005 0.10256410256410256
0 0.4973290598290599 0.35185185185185186 0.09935897435897438 0.09116809116809119
0 0.41025641025641024 0.30128205128205127 0.07264957264957267 0.0555555555555555
0 0.376068376068376 0.28917378917378916 0.08547008547008553 0.06267806267806268
0 0.22756410256410256 0.3226495726495726 0.06410256410256412 0.06695156695156694
0 0.2847222222222222 0.25997150997151 0.06517094017094018 0.05270655270655269
0 0.2403846153846154 0.25427350427350426 0.06837606837606841 0.04700854700854702
0 0.07051282051282051 0.33262108262108264 0.06623931623931624 0.06410256410256408
0 0.1055013038085255 0.2227894630595544 0.029821701876543205 0.026258102281232994
0 0.09267155399158687 0.2175241631239359 0.02375438671031489 0.021693503845036412
0 0.08074012687681684 0.21643948793168405 0.02288664655651342 0.022705867357804763
0 0.07282199797337854 0.21701798136755177 0.011172154480193762 0.0134499723839226
0 0.07021877751197417 0.21701798136755177 0.01138908951864413 0.0140284658197902
0 0.03432996983477013 0.2690823905956392 0.03243178824832944 0.023862854229539997
0 0.027767684921646624 0.2676361570059701 0.03058784042150136 0.02964778858821642
0 0.026520308450556983 0.25628322332706777 0.02744228236397099 0.01822254322983033
0 0.026249139652494063 0.2474611984300862 0.027333814844745907 0.018222543229830534
0 0.021964672643099377 0.24724426339163585 0.024622126864116342 0.019813400178466587
0 0.027821918681259213 0.23589132971273344 0.018547945787506143 0.012726855589088046
0 0.06594472920622384 0.3140699782627699 0.04978608695039432 0.0433226300480594
0 0.23164335664335656 0.5018130018130017 0.2496114996114998 0.3043253043253046
