0 0.4366694352159467 0.7383720930232555 0.24543189368770738 0.2607973421926915
0 0.8218862126245783 0.7880227021040921 0.17862292358803594 0.28434219269102795
0 0.3781146179401992 0.601328903654485 0.22549833887043158 0.22591362126245862
0 0.7649501661129555 0.33970099667774095 0.07724252491694351 0.08139534883720925
0 0.8658637873754133 0.44534108527131705 0.07225913621262414 0.1039955703211502
0 0.9736719269102949 0.5445143964562559 0.05265614617940107 0.11560686600221498
0 0.8453073089700994 0.3421926910299004 0.051079734219269056 0.06976744186046513
0 0.29962001661129456 0.42791029900332167 0.1637101328903646 0.13221262458471836
0 0.49560132890365416 0.4102990033222584 0.15248504983388675 0.12292358803986683
0 0.4627113787375394 0.352159468438537 0.12358056478405116 0.10299003322259141
0 0.9012433554817268 0.39518493909191554 0.053825581395348626 0.08272868217054437
0 0.027408637873754155 0.8264119601328903 0.05481727574750831 0.14119601328903658
0 0.025539867109634552 0.49833887043189373 0.051079734219269105 0.07973421926910298
0 0.031769102990033174 0.42525193798449556 0.06353820598006635 0.07308416389811694
0 0.27370930232558005 0.3655957918050924 0.1417724252491679 0.12055149501661258
0 0.25801328903654375 0.3274091915836079 0.13080564784053203 0.09332336655592205
0 0.36861877076411753 0.24468881506090612 0.1004634551495003 0.07871760797342255
0 0.23932973421926743 0.26908637873754077 0.10190531561461455 0.07305647840531575
0 0.03126495016611288 0.36079291251384127 0.06252990033222576 0.08637873754152844
0 0.08857807308970067 0.24484994462901333 0.05007973421926925 0.04783942414175003
0 0.9603405315614617 0.9111295681063117 0.07931893687707614 0.17774086378737514
0 0.6571843853820599 0.20016611295681067 0.06104651162790702 0.03488372093023255
0 0.5906524086378704 0.12225415282391947 0.03962541528238875 0.025239202657807283
0 0.7437686877076374 0.15099889258028723 0.03239617940199239 0.02623920265780676
0 0.6727574750830537 0.1400321151716498 0.03488372093023289 0.02756146179401973
0 0.6300215946843832 0.1171040974529345 0.0480963455149493 0.03487264673311211
0 0.03912499999999997 0.32933333333333253 0.06724999999999999 0.06599999999999866
0 0.008499999999999956 0.31816666666666543 0.01699999999999991 0.02499999999999974
0 0.23499999999999865 0.22966666666666583 0.0874999999999983 0.05133333333333389
0 0.004999999999999998 0.3439999999999986 0.009999999999999997 0.027999999999999893
0 0.6333749999999957 0.5481666666666656 0.176249999999992 0.20833333333333515
0 0.780749999999999 0.16349999999999976 0.025000000000001722 0.02033333333333368
