0 0.08484486815368251 0.887214251570807 0.16968973630736503 0.2255714968583845
0 0.49118023069692074 0.573390462134897 0.12675618856694806 0.23988267943852395
0 0.17684532759743465 0.45378986485801953 0.11346723331396097 0.16151191769014261
0 0.23869008089017915 0.4728714416315387 0.10937832400534972 0.16014894792060566
0 0.7439320545482232 0.6565316180766585 0.10835609667819682 0.27123098413787666
0 0.9603886910728289 0.6909466047574696 0.07922261785434216 0.2187566480106996
0 0.9813443512794613 0.5399977027812393 0.03731129744107733 0.07360036755500161
0 0.9654998277085929 0.46264916836001047 0.06900034458281411 0.07428185243977026
0 0.9547664407734885 0.40063404384607393 0.09046711845302298 0.06474106405301079
0 0.9016106197615429 0.31510769080762285 0.09046711845302298 0.08450412571129821
0 0.5629978176421773 0.3123817512685488 0.06644477626493199 0.07905224663315
0 0.43445273125271255 0.2779667645877378 0.07411148121857813 0.08109670128745564
0 0.42425694496131017 0.16638669105329706 0.05426879464987145 0.05247041354061649
0 0.4642444778612155 0.1659635425570018 0.04728684446099912 0.055009304518388265
0 0.5470757960110193 0.16744456229403532 0.03776600329435503 0.05797134399245532
0 0.5045493721333423 0.1731570669940218 0.04030489427212672 0.0465463345924824
0 0.8395048556179554 0.1670178399056886 0.029151325057722915 0.0347427337745674
0 0.8820104189702778 0.18504063305124543 0.03012846444513244 0.03517701794674949
0 0.9209331379020977 0.20317199723984777 0.028825611928586313 0.03191988665538382
0 0.9575758649299623 0.2215205035145412 0.028499898799449853 0.03691415463547784
0 0.9762229415730309 0.23194332364691142 0.023777058426969547 0.036914154635477876
0 0.8956089421117295 0.2260804873224532 0.04103985427120762 0.03821700715202415
0 0.9293202509773647 0.24019472291837118 0.03550273107588609 0.04082271218511671
0 0.9553773013082903 0.2539832453851526 0.02605705033092562 0.03713129672156896
0 0.9792357880175441 0.267771767851934 0.032082743219952053 0.04082271218511671
0 0.9919386000538699 0.2758060250373028 0.016122799892260106 0.03474273377456736
