0 0.21145369595583208 0.6155116879682666 0.13084509787555862 0.23715673989944988
0 0.44427249783830924 0.5435807279765917 0.09753784413854674 0.2160680851783031
0 0.5512185198563617 0.5223323262351235 0.11789022893910975 0.20429186252640505
0 0.6387721752248209 0.4995478954521034 0.11481817085600582 0.17101123329278026
0 0.8097244024777563 0.6073259332009963 0.1048339820859185 0.11520217811639384
0 0.9921278511620466 0.5942696863478051 0.015744297675907005 0.04915292932966146
0 0.9187824644279423 0.45525905808735645 0.04569686398616966 0.07321738431397484
0 0.9951999092451504 0.44527486931726884 0.009600181509699298 0.033792638914142185
0 0.983103680542929 0.4486029322406314 0.031488595351814294 0.046592880927074844
0 0.9387213578806023 0.4369591350392571 0.04339576990556566 0.08202277388744243
0 0.9957005866953972 0.3735063632114252 0.008598826609205475 0.021497066523013614
0 0.988266184522855 0.3614441203290676 0.019884786533787634 0.020302785049512835
0 0.9764427979351976 0.34627674561560795 0.026692190932741937 0.01863079098661174
0 0.9617531358111381 0.3326619368176995 0.0299167509111939 0.018153078397211503
0 0.9444659114822148 0.3511732996569611 0.025079910943515814 0.02985703683751879
0 0.9293283938055926 0.3334979338491499 0.01701851099738576 0.01982507246011245
0 0.007792686614592422 0.4209193377094052 0.015227088787134618 0.05087639077113217
0 0.01961607320224989 0.39261486678743734 0.03923214640449978 0.05159295965523263
0 0.03332045311067105 0.3548755722248134 0.06520776845314119 0.04538269599302866
0 0.05186167298677025 0.32334654132439344 0.04890582633985589 0.03630615679442293
0 0.019168217649687107 0.28608495935116995 0.038336435299374215 0.03535073161562234
0 0.04487512636679084 0.2914592259819234 0.04281499082500204 0.041799851572526414
0 0.14698619235110535 0.17346421640004883 0.012360813250732808 0.005971407367503758
0 0.14179106794137705 0.17991333635695292 0.022392777628139147 0.00644911995690407
0 0.1305946791273075 0.18934815999760887 0.02507991094351585 0.021019353933613268
0 0.15021075232955738 0.18779559408205793 0.014152235460983941 0.01982507246011249
0 0.13999964573112592 0.20200754361671686 0.02203449318608895 0.02197477911241382
0 0.14904632789289413 0.21227836428882335 0.02543819538556603 0.022452491701814202
0 0.14788190345623084 0.221235475340079 0.024184199838390263 0.020302785049512904
0 0.05428009297060928 0.25073422773554765 0.041919279719876495 0.027229617595817147
0 0.06762618843698022 0.23604456561148837 0.034216164215796624 0.01695879692371072
0 0.08598826609205432 0.22207147237152955 0.03332045311067104 0.02054164134421299
0 0.10336506153149032 0.23413371525388718 0.0315290309004199 0.02842389906931796
0 0.07649372837772331 0.2589747699027028 0.03475359087887195 0.03463416273152184
0 0.06816361510005556 0.30340204071693094 0.0600126440434129 0.033678737552721286
0 0.09252695715947094 0.27975526754161595 0.04783097301370521 0.03272331237392059
0 0.10641047928891721 0.26088562026030404 0.04084442639372579 0.02842389906931796
0 0.12110014141297651 0.24440453592599357 0.04227756416192667 0.029379324248118552
0 0.13032596579576983 0.2300731582439846 0.04317327526705226 0.026513048711716784
