0 0.9503205128205129 0.18091168091168094 0.04807692307692293 0.0883190883190883
0 0.9866452991452991 0.2371794871794872 0.02670940170940168 0.06695156695156693
0 0.7815170940170941 0.3005698005698006 0.0908119658119658 0.1880341880341881
0 0.9139957264957266 0.37393162393162394 0.08867521367521376 0.1524216524216524
0 0.9759615384615384 0.4031339031339031 0.048076923076923066 0.12820512820512817
0 0.7013888888888888 0.715099715099715 0.1591880341880342 0.39886039886039887
0 0.8979700854700855 0.7913105413105412 0.09935897435897431 0.3319088319088319
0 0.858974358974359 0.5049857549857549 0.16880341880341887 0.1695156695156696
0 0.46153846153846145 0.5897435897435898 0.1602564102564103 0.35897435897435914
0 0.21207264957264954 0.8240740740740741 0.17200854700854698 0.33760683760683746
0 0.3755341880341881 0.146011396011396 0.09935897435897438 0.12393162393162395
0 0.23824786324786323 0.14102564102564102 0.08119658119658123 0.09686609686609686
0 0.11645299145299144 0.2136752136752137 0.0876068376068376 0.0826210826210826
0 0.12767094017094016 0.4387464387464388 0.15064102564102563 0.20512820512820518
0 0.05602538029280851 0.3830381494971218 0.10564050417536064 0.17409464117669432
0 0.17254273504273507 0.14743589743589744 0.07371794871794872 0.08404558404558403
0 0.10489166522781002 0.1498236600518179 0.06026173423455178 0.05316323421193539
0 0.06615197893416935 0.15737525582055847 0.04984053207368895 0.05860038316542828
0 0.04598921823163136 0.16190621328180277 0.034888372451582085 0.05195497888893607
0 0.031490154355649225 0.1703640005427929 0.04666886185081828 0.056788000180930956
0 0.02922467562502698 0.3316660861630969 0.05844935125005396 0.12203378762285158
0 0.015858351114355726 0.2933039796578935 0.03171670222871145 0.0501425959044391
