0 0.7026243917930298 0.8583549559846388 0.2519596786667296 0.22852769183147503
0 0.7421165044367176 0.5719054989424237 0.18561292942533378 0.18429652567054422
0 0.7555438227355716 0.4139370483676732 0.165077030850616 0.1779777876475532
0 0.7638371663907456 0.3649668286895002 0.12163570694255975 0.10952479239849465
0 0.761467639632123 0.31231067849791666 0.10583886188508745 0.10741854639083144
0 0.37444493572398463 0.3623340211799208 0.13585286749428777 0.10004668536401033
0 0.4332881835630797 0.29862007944810476 0.11452712666669569 0.08214359429887134
0 0.47593966521826153 0.24754361376226874 0.09399122809197974 0.06424050323373291
0 0.28400799776994035 0.30441225596917926 0.10504901963221006 0.085302963310366
0 0.3582531695400729 0.2327998917086254 0.10030996611496827 0.07055924125672271
0 0.41038275822973963 0.20963118562432861 0.0450210084138005 0.05581551920307914
0 0.4380272370803223 0.16803282697297772 0.07977406754025015 0.054762396199247124
0 0.1505129352856893 0.27038877377846626 0.05826307172349263 0.05682447735994953
0 0.09144065423270377 0.2750642054599812 0.04693414111059136 0.04459642526983355
0 0.09166003247131722 0.15876422862609632 0.018271102818202812 0.01624098028284692
