0 0.6450920245398772 0.3122699386503067 0.11963190184049076 0.1754601226993865
0 0.5705521472392638 0.23987730061349694 0.09938650306748464 0.1533742331288344
0 0.5107361963190183 0.20552147239263804 0.11779141104294481 0.15337423312883433
0 0.4394171779141104 0.17975460122699385 0.10030674846625764 0.13374233128834354
0 0.38972392638036807 0.16257668711656442 0.10214723926380366 0.12392638036809815
0 0.3598159509202453 0.1441717791411043 0.08282208588957055 0.09938650306748466
0 0.3634969325153374 0.03251533742331288 0.07177914110429448 0.04294478527607362
0 0.2411042944785276 0.48895705521472393 0.17668711656441716 0.2588957055214724
0 0.18174846625766872 0.3337423312883436 0.09478527607361963 0.12515337423312886
0 0.2668711656441718 0.026993865030674843 0.044171779141104324 0.03926380368098159
0 0.23926380368098157 0.02638036809815951 0.03680981595092025 0.040490797546012265
