0 0.7627180957513693 0.10821930652467715 0.020224222708121572 0.012134533624872965
0 0.7974531982525679 0.1372747731486785 0.034077815263184874 0.02386458279558349
0 0.7723246015377271 0.11610675338084457 0.026291489520558 0.012269361776260439
0 0.7694932103585902 0.13882529688963452 0.021639918297690172 0.02561734876362072
0 0.7588249328800558 0.12514023952380557 0.022145523865393243 0.021707332373383858
0 0.7818299862105442 0.12332005948007461 0.025078036158070773 0.016179378166497324
0 0.8219245077293945 0.16383591897201152 0.030235212948641236 0.019550081951184208
0 0.8662661160169517 0.20448660661533602 0.024471309476827085 0.028313911791370258
0 0.8889678060068187 0.20334056732854247 0.02174103941123051 0.01469626850123502
0 0.9305791442287787 0.23637346441847437 0.024673551703908315 0.01820180043730943
0 0.9485787024390069 0.24695747430239137 0.024875793930989546 0.01806697228592199
0 0.8915981662844681 0.2226209929769517 0.028313911791370286 0.03276324078715703
0 0.994387778198496 0.3185230124769746 0.011224443603007473 0.023190442038646068
0 0.9830622134819482 0.3907234875449687 0.0338755730361035 0.061346808881302194
0 0.9737489589248581 0.40199512100096185 0.0525020821502838 0.09506732954331028
0 0.9599004224254719 0.4008827887520152 0.04638425478107692 0.09076631151404975
0 0.9524477963575287 0.4142307757393755 0.051056050226653014 0.10619065203277714
0 0.9136830174817367 0.4045164074319077 0.05650647824649184 0.08053285482374023
0 0.8756707313723575 0.40039632878180925 0.079140214848059 0.11287799351344477
0 0.813683133022831 0.425434121338874 0.1030605197557476 0.1726214441797992
0 0.7626455142527762 0.44500839468955133 0.1081839872770658 0.17078225071060793
0 0.6888478763014807 0.44894952355210377 0.11941620453534035 0.1781390245873725
0 0.6011873175761572 0.43904415301088845 0.11314980964388198 0.19392981422999958
0 0.49800856395453297 0.43297481456255765 0.08540426245151252 0.17832294393429166
0 0.38876047188457774 0.4627434745710375 0.08020197235294318 0.1736986860688968
0 0.28471466991319216 0.4783503448667454 0.09667589099841262 0.18988358859777904
0 0.1943357175549227 0.4983502601345777 0.09680594825087657 0.2069644410880807
0 0.11481654577741685 0.5117028047209063 0.09895189291653668 0.19488356741473742
0 0.023963048766534777 0.520922418840037 0.0474492209407007 0.1630917945901463
0 0.033309829976964224 0.7139646395183032 0.06661965995392845 0.12099948737039017
0 0.8652823626557984 0.9601157759109672 0.11813533765501089 0.07976844817806204
0 0.9814668415238423 0.8906073998717506 0.03706631695230551 0.17369868606889746
