0 0.31150306748466255 0.8319018404907976 0.22546012269938653 0.3239263803680981
0 0.11687116564417177 0.9337423312883436 0.15828220858895706 0.12024539877300626
0 0.3676380368098159 0.31901840490797545 0.16472392638036804 0.1521472392638037
0 0.26871165644171774 0.3895705521472393 0.14355828220858896 0.143558282208589
0 0.12699386503067484 0.5355828220858896 0.1343558282208589 0.1828220858895706
0 0.052453987730061345 0.5797546012269938 0.0920245398773006 0.165644171779141
0 0.02760736196319018 0.656441717791411 0.05521472392638036 0.16441717791411037
0 0.7200920245398773 0.4343558282208589 0.12607361963190186 0.18650306748466255
0 0.8475460122699385 0.27361963190184047 0.0699386503067484 0.12269938650306753
0 0.8866564417177913 0.22269938650306748 0.05429447852760745 0.0895705521472393
0 0.926687116564417 0.14233128834355827 0.05705521472392647 0.0736196319018405
0 0.9409509202453986 0.1245398773006135 0.05061349693251529 0.07239263803680979
0 0.9671779141104294 0.09693251533742332 0.03680981595092021 0.05644171779141104
