0 0.15286068508148853 0.3067625489024267 0.07129305055914328 0.07375691295304897
0 0.16823995518538395 0.19692197379346793 0.05960957404610639 0.06771647611637689
0 0.43374099798674204 0.12221130765568126 0.07033929737440553 0.052456425160573625
0 0.47272565941289557 0.1349280167855173 0.07057773567058988 0.05499976698654084
0 0.6413015348152843 0.1618201236771635 0.060563327230844094 0.07439274840954078
0 0.7590900531303909 0.21316383678887646 0.049118289013991616 0.08551986889814732
0 0.8198918186574191 0.240504761418024 0.051979548568204734 0.08297652707218017
0 0.8891261922742422 0.2730913285632288 0.06294771019268851 0.09410364756078661
0 0.9650687896089813 0.3263425480444173 0.06938554418966789 0.10395909713640959
0 0.7318163356159303 0.5000726805118793 0.11834405570138629 0.27369244740379634
0 0.8355750730520559 0.5538336969661962 0.10123827773864917 0.23971362315128425
0 0.932100534413216 0.5985181781749794 0.09320903502144574 0.24157547653498349
