0 0.7800289325746553 0.7369526758621248 0.1413817632644096 0.2822369650268914
0 0.9352329352643504 0.31728315883520414 0.0789842252873784 0.08951545532569324
0 0.8906068479769838 0.2551489016091358 0.06871627600001691 0.060028011218405675
0 0.8325534423907613 0.24461767157081876 0.09162170133335894 0.0937279473410198
0 0.7314536340229231 0.19670057489647808 0.07108580275863802 0.07161236426055381
0 0.7263196593792425 0.31149098231413014 0.07187564501151057 0.08635608631419761
0 0.3828287337952447 0.3753526466067841 0.12192087231027283 0.13522787017304372
0 0.4559273098927744 0.19444940539124794 0.07822356851765237 0.07408760972246589
0 0.19320401425072906 0.25889843178041533 0.07067094810905063 0.07063498105484221
0 0.1294734927188725 0.2102739433902211 0.04639466822426267 0.04675431681514837
0 0.12434850029875047 0.1505722773031855 0.02643417143010316 0.02661399572554604
0 0.396604163880938 0.1787131553780188 0.057858492257642495 0.04466269577782901
0 0.32808752831267746 0.1610510893204228 0.05907656577885565 0.049941014369754205
0 0.307228019261896 0.16003602805274497 0.045373238665203666 0.04466269577782897
0 0.2825620304573222 0.15719385650324677 0.05450879007430481 0.03410605859397829
0 0.19819788690766407 0.12295789817349084 0.021838965871084602 0.014975290883029442
0 0.19705394107632157 0.0992470209420277 0.010815487859965672 0.008042285844589863
0 0.2777541197237576 0.08718359217514289 0.01497529088302929 0.013311369673803877
0 0.2722423807181981 0.06943509927673774 0.018095143150327182 0.014975290883029369
0 0.21743697588933364 0.0863516315705302 0.009567546953046567 0.008319606046127425
