0 0.6493551136122844 0.05728001349733413 0.032999119260225564 0.025451628393528367
0 0.5703095310150994 0.033371417015982764 0.03716208507459338 0.023962437370502843
0 0.5095049110299632 0.02003760887480655 0.035854097098319784 0.01708791010643401
0 0.47979178162614183 0.013629642584893813 0.02982755737328392 0.01891875761783768
0 0.46110187994723 0.012103936325390792 0.026471003602377408 0.017494765108968205
0 0.4636955805883853 0.048517459052196676 0.023419591083371563 0.02563186515965108
0 0.444814965627035 0.03280268457931536 0.04088892775468154 0.020444463877340682
0 0.4461499586040998 0.055332280344643575 0.0275389979840298 0.024411300152048662
0 0.4252477828489095 0.040939784629998185 0.030132698625185007 0.01637591385199923
0 0.4062527399180964 0.047500321545861306 0.030742981128986324 0.01810504761276933
0 0.4231880793985793 0.06174024663455631 0.04203320744930865 0.030920980192594955
0 0.4008746253533474 0.07155562357069241 0.03615923835022186 0.02919184643182496
0 0.38264243555228583 0.05106030281803504 0.04088892775468142 0.027869567673588794
0 0.3551797228812312 0.05996025599846954 0.04210949276228384 0.02858156392802362
0 0.3702079295373379 0.07847215861377296 0.03997350399897898 0.03142954894576264
0 0.33168384648488214 0.07058934293967356 0.04210949276228385 0.025021582655849684
0 0.34701719439289064 0.09189837369739992 0.05050087718955061 0.03468438896603581
0 0.30746325961527415 0.07862472923972334 0.03654066491509775 0.015257062595030301
0 0.31101052666861856 0.09988290312213223 0.05111115969335153 0.045364332782556874
0 0.27244830095967887 0.09342407995690279 0.02692871548022855 0.025733578910284494
0 0.2818313944556225 0.115394250093746 0.046915467479718996 0.04526261903192369
0 0.24990599097552083 0.11091884506587059 0.03493867334261918 0.030005556436892938
0 0.2528048328685767 0.13588957084640385 0.04134663963253221 0.03865122524074368
0 0.22309170346475568 0.12882046517737322 0.03379439364799213 0.03468438896603569
0 0.19238686499225552 0.1445860965255706 0.039363221495177146 0.03305696895589899
0 0.1818976344581734 0.17998248174604192 0.04066007181575598 0.042007779011650606
0 0.16152945589380813 0.16645455291178188 0.03135326363278743 0.042618061515451625
0 0.13006176429155752 0.18705158741507144 0.02929356018245797 0.03885465274201033
0 0.14394569125303516 0.2077503356689976 0.0408889277546817 0.048720886553463634
0 0.09466537907108723 0.2002743749974325 0.04378776964773718 0.05390828783577414
0 0.10976987104016711 0.237399893978672 0.03875293899137683 0.05858712036491676
0 0.15105647985278645 0.3024446433893873 0.06855490874498346 0.09763136346955809
0 0.20056835839083076 0.2537927726671407 0.058234814955416124 0.08845794676772062
0 0.2577588781413501 0.220621042629245 0.0731006643427691 0.06667108210085575
0 0.30112784370941353 0.1890874227166777 0.0740835304179659 0.07240446753950452
0 0.3458482501308708 0.16689103051848164 0.06892348352318246 0.056187177298755754
0 0.38915578656923466 0.14125460705709572 0.07740070342175542 0.06028245261207607
0 0.4276104217613129 0.19170839891720357 0.09804089100089028 0.07404257766483269
0 0.4505849162690421 0.11103147524479114 0.06585202703819161 0.05094522489770587
0 0.48062376069224483 0.09956470436749411 0.062289137515604075 0.04570327249665565
0 0.5733817465389541 0.1130791129014516 0.07604926256835924 0.04160799718333523
0 0.5733817465389526 0.06549201376066824 0.05319762632003093 0.0460308945217212
0 0.5655802470670769 0.07933404431969118 0.043000390789863535 0.0330898245316287
0 0.5342513909201759 0.08359313064554444 0.057251948880219124 0.0330898245316286
0 0.7858419394086705 0.1754602316928222 0.06749095621858363 0.050940310567329464
0 0.8491704577987909 0.21292217214895234 0.047570718039527754 0.030722755400529874
0 0.8552654560476124 0.2518706975438171 0.09365485114032307 0.07769883946456561
0 0.7455554875689401 0.2051919304675285 0.09514143607905803 0.07908631874071821
0 0.7301693334530376 0.25870898826199995 0.10777740805831136 0.09930387390751877
0 0.7038567800374179 0.2906210116135173 0.12442715937214503 0.10881801751542426
0 0.8474296668355357 0.3841470253924857 0.13400819930229446 0.1189585089108518
0 0.8363672450139373 0.44578480117895375 0.1244747300901845 0.1323893083040116
0 0.8045338939764212 0.630800915285542 0.19820818943478521 0.2060685356395935
0 0.47057858779352363 0.6894539688986699 0.23327701780664556 0.2843023489742692
0 0.6974935051145366 0.9015481015758143 0.2537128557302054 0.19690379684837114
0 0.2945604743576001 0.8776420270237262 0.2282644537876598 0.24471594595253496
0 0.25771366572755744 0.30304647061638607 0.10133473350524413 0.11939228559737393
0 0.1954151110097113 0.3729398193023928 0.08380828588641231 0.11301903191779938
0 0.04568870150709099 0.248292090682761 0.030579052189785343 0.045808619358815916
0 0.016278848371621 0.28031015709324214 0.03111868252254622 0.041731412400177914
0 0.015289526094892649 0.32228140519686926 0.030579052189785298 0.056601226014033265
0 0.05180451194504799 0.2845072819036048 0.03885338395878592 0.05636139031058443
0 0.06529527026407099 0.3785228776557297 0.06043859726922261 0.10240984537284889
0 0.02230472042078456 0.44255901047669033 0.04460944084156912 0.10193017396595114
0 0.08849937457279043 0.47253847340785327 0.07518849303135433 0.12111703024189403
0 0.3928308805927886 0.006495618936025972 0.02212331390564123 0.012991237872051944
0 0.3727135666526854 0.007106971306475477 0.02544754241996061 0.014213942612950952
0 0.3612220525643925 0.007106971306475474 0.017939371120378186 0.014213942612950947
