0 0.7781854319928959 0.5508484791430589 0.09359067900243832 0.17637298562664616
0 0.6123751739177057 0.4376062139983727 0.11790951685346622 0.16605590290196912
0 0.6070497781752777 0.3257049504942265 0.08364206351792633 0.0830279514509849
0 0.5035104836883272 0.27706727479217114 0.08216819455726082 0.08499311006520859
0 0.08871299922061249 0.4369899042923365 0.09940889274366536 0.11482775626501229
0 0.05863866331461764 0.3938372175239006 0.08003045036072276 0.09294941194935101
0 0.05196945911789074 0.36263037524487646 0.08128879077519954 0.07550042486860678
0 0.0432869102580009 0.333269098907085 0.06442702922121057 0.06711148877209469
0 0.044167748548134565 0.30608894595438624 0.05209529315933804 0.05436030590539746
0 0.039637723056018176 0.28511660571310676 0.047061931501430926 0.045971369808885776
0 0.03561103372969252 0.26884206968587376 0.03900855284877961 0.03624020393693222
0 0.03561103372969208 0.26481538035954744 0.04504858683826782 0.030871284835163784
0 0.032716850776396134 0.2529030911025018 0.035233531605349686 0.019126774300046955
0 0.035862701812587876 0.2440108188401982 0.027431821035593402 0.013422297754419029
0 0.03775021243430318 0.23864189973843153 0.027180152952698225 0.01275118286669824
0 0.9834189741924803 0.3805787643584818 0.033162051615037255 0.06494849070082255
0 0.9471249510360218 0.350315322449073 0.03868906021754632 0.05944604808029216
0 0.8142925109557868 0.27048075374620417 0.03389898609537231 0.05207670327694917
0 0.9933675896769922 0.297010395038235 0.013264820646014714 0.02652964129203047
0 0.9244642157657461 0.23044064698138084 0.016212558567352868 0.02210803441002537
0 0.8651409900988445 0.24493369176128627 0.02652964129203145 0.037338013670265235
0 0.8616405513172575 0.19285698848433772 0.03279358437487044 0.0265296412920305
0 0.7770773196989108 0.1623970299638583 0.029477379213367228 0.020634165449356822
0 0.7711818438562372 0.1960503712324525 0.02358190337069399 0.02996866886692329
0 0.7273342422763526 0.2579528675805232 0.04716380674138989 0.06927184115141329
0 0.746863006005209 0.23633612282405417 0.02947737921336605 0.04568993778071929
0 0.7473106857744682 0.13281542660842824 0.010821727564500207 0.01308674031055844
0 0.7481915240646014 0.15731112001024283 0.017616765802674107 0.023153463626372738
0 0.7411448177435319 0.16402226888745222 0.017113429636884094 0.023153463626372623
0 0.7332172731323283 0.13835212443212602 0.014345080725035188 0.016777872193023652
0 0.7130838265006999 0.13449321382773063 0.016861761553988726 0.018455659412326103
0 0.7098121414230603 0.14556660947512617 0.0188751062171516 0.017784544524605036
0 0.6631277120459717 0.13566766488124232 0.02214679129479121 0.020133446631628388
0 0.6767177885223212 0.1591566859514754 0.025166808289535537 0.026173480621116896
0 0.6578426823051692 0.15311665196198684 0.028690161450070518 0.022817906182512147
0 0.6317950357255004 0.1455666094751262 0.029445165698756298 0.025166808289535495
0 0.7249122263967804 0.17190786881817335 0.025418476372428948 0.03288462949832636
0 0.709434639298717 0.1818068134120574 0.0347301954395599 0.03523353160534987
0 0.6723135970716503 0.20965808125247654 0.041021897511942615 0.03791799115623362
0 0.641484256916971 0.19271243033752267 0.0397635570974669 0.0416091230386987
0 0.6097740784721551 0.2111680897498486 0.054863642071186686 0.04832027191590812
0 0.5455987173338395 0.1886857410111972 0.047313599584329596 0.0429513528141403
0 0.5550362704424147 0.16553227738482434 0.04303524217510425 0.031542399722884334
0 0.2881422685318929 0.2656961743771754 0.08254713118967599 0.07482930998088579
0 0.2379344859942699 0.256300565949082 0.07877210994624621 0.05670920801242062
0 0.21050266495867612 0.23750934909289603 0.06367202497252454 0.05670920801241959
0 0.203707626720501 0.22794596194287298 0.056625318651453635 0.049662501691349066
0 0.17501746527043083 0.21855035351477947 0.05410863782250066 0.04093800815097709
0 0.16293739729145393 0.2158658939638957 0.043035242175105334 0.04362246770186089
0 0.15148649951971532 0.21284587696915178 0.02617348062111725 0.02952905505972038
0 0.14053893791376754 0.2104969748621282 0.04152523367773349 0.0315423997228837
0 0.13022054651505743 0.20110136643403517 0.033471855025082264 0.034897974161489285
0 0.12405467848412095 0.20177248132175638 0.03473019543955899 0.03422685927376558
0 0.11801464449463309 0.20445694087263944 0.027180152952698072 0.02617348062111641
0 0.10983543180053414 0.2032824898191277 0.026425148704012122 0.023824578514093205
0 0.28449308132991014 0.20714140042352264 0.031458510361920045 0.0395957783755355
0 0.26712798361013085 0.19657134094191814 0.05561864631987326 0.04462914003344278
0 0.2418353412791479 0.19220909417173196 0.04479691875537315 0.032549072054465944
0 0.2096218266685425 0.18667239634803423 0.04530025492116378 0.03422685927376821
0 0.1979192608139085 0.18348460063135982 0.04152523367773354 0.03254907205446581
0 0.1821900056329488 0.18130347724626678 0.03624020393693108 0.029529055059721535
0 0.16683825257633206 0.18415571551908003 0.020636782797419248 0.021811233850930666
0 0.2919172897753233 0.14791551158214944 0.04127356559483815 0.029193497615861107
0 0.3213624554740799 0.15445888173742875 0.04630692725274525 0.027515710396558767
0 0.3764777656281624 0.1556333327909404 0.04781693575011753 0.027180152952698187
0 0.4093204504460049 0.16200892422428936 0.04605525916984931 0.03254907205446582
0 0.31796493635499273 0.13147319683298636 0.029445165698756527 0.023824578514093576
0 0.3550859785820576 0.1344932138277306 0.03473019543955893 0.026509038064977394
0 0.3807561230373838 0.13768100954440513 0.040770229429047546 0.026173480621116917
0 0.4166188248499709 0.13835212443212605 0.04303524217510566 0.02348902107023311
0 0.42832139070460584 0.13986213292949817 0.030200169947442602 0.02449569340181455
0 0.4543690372842745 0.11989646501980002 0.030451838030337925 0.019462331743907445
0 0.42366553117104155 0.11771534163470687 0.03045183803033797 0.021140118963209796
0 0.39812122075716333 0.11586977569347433 0.02718015295269844 0.017448987080744605
0 0.38553781661239533 0.11402420975224144 0.027180152952697982 0.019126774300046945
0 0.36263602106891824 0.11419198847417197 0.025166808289535467 0.014764527529860808
0 0.39510120376241903 0.09540077161798548 0.01661009347109342 0.010737838203535155
0 0.4016445739176982 0.09556855033991565 0.015603421139511998 0.011073395647395567
0 0.485953381687642 0.12174203096103245 0.02768348911848906 0.013086740310558115
0 0.5014309687857054 0.11335309486452047 0.024411804040848577 0.01107339564739575
0 0.48205252640276364 0.11368865230838125 0.023908467875058778 0.015771199861442212
0 0.4702241265066817 0.1116753076452181 0.02642514870401161 0.015771199861442237
0 0.4561307138645425 0.10966196298205556 0.019378442382942253 0.01308674031055844
0 0.4429181395125353 0.10680972470924073 0.017616765802675256 0.011408953091256058
0 0.42706305029012914 0.10647416726538111 0.01963011046583759 0.0100667233158142
0 0.4120887993578555 0.1069775034311718 0.021895123211895892 0.013757855198279394
0 0.40239957816638416 0.10513193748993911 0.01359007647634898 0.009395608428093238
0 0.39182951868477944 0.10513193748993921 0.014093412642139853 0.010066723315814183
0 0.49916595603964503 0.1037897077144971 0.030451838030337554 0.010066723315814444
