0 0.8697691472258922 0.20832570057712332 0.02043109628220293 0.020134993437533416
0 0.8852405208598794 0.22273603901771089 0.021467456238546703 0.02131940481621182
0 0.899971637382192 0.23546846133850408 0.024872638952247145 0.024675237055800707
0 0.9308403589389989 0.2666579609770362 0.020579147704537774 0.021516806712658258
0 0.874358741318271 0.24030480780144103 0.029906387311630454 0.021714208609104554
0 0.8962703518238208 0.2582683803780639 0.028721975932951994 0.028425873088282552
0 0.8264097073124421 0.31186299526326305 0.0543348719968732 0.0471790532506909
0 0.9917594578328448 0.41913118579223996 0.016481084334310482 0.03845586344672427
0 0.908458325056167 0.3870050141550695 0.0623414929167393 0.08742140386025518
0 0.8903649607326307 0.39369299040667377 0.07344831062029641 0.0793002898404501
0 0.8143190879074703 0.40754665549928254 0.08903368384948124 0.11512873404547264
0 0.7225086996321 0.4401505397258533 0.11823386587657453 0.1545400226709976
0 0.6704678844243045 0.46869386694252135 0.1237872747283533 0.16911025664770676
0 0.5920662913926638 0.49068058886967025 0.11902209164908541 0.18602128231247753
0 0.49996309515702747 0.5343075716685053 0.12732605016248322 0.22699325796757322
0 0.393052782200117 0.5739316812526079 0.1185515208628965 0.24864345526111906
0 0.2760749540920377 0.6073289386048397 0.09651982229545553 0.22241524268083232
0 0.17168666802249619 0.640901050707607 0.09442156528903256 0.21542105265942246
0 0.6262577937507278 0.8915470403995158 0.22621518611946448 0.214113139125419
0 0.8290813610403656 0.732936121334244 0.1523859150914666 0.1849963260662897
0 0.9365277255557057 0.6068658461983322 0.08655310151494647 0.12309774437681278
0 0.9741652106084174 0.5472403762658136 0.051669578783165235 0.08777708476869321
0 0.9561549414041036 0.9647925821611978 0.08769011719179275 0.07041483567760437
0 0.9829546176694618 0.8824229889338526 0.034090764661077064 0.09695177001879146
