0 0.930070357847047 0.9529155897796283 0.13985928430590605 0.09416882044074298
0 0.28459738085504127 0.938666360370832 0.17424329440104572 0.12266727925833606
0 0.08665699841545328 0.8438780082166617 0.17331399683090656 0.2069235922842628
0 0.13242490374479476 0.6806314017289278 0.19701108486944904 0.18771810916805984
0 0.8360050073552238 0.39609311141942327 0.08078289474728337 0.1223983253746718
0 0.5455275530285474 0.2903059873455998 0.08314343387950907 0.14233176693568977
0 0.2929498658803852 0.2409969476946606 0.09783123292446991 0.08358057075584732
0 0.20390508417031136 0.23330333867110994 0.07868463774086047 0.08987534177511636
0 0.2033805199187057 0.18591770127605828 0.0010491285032114917 0.002797676008563954
0 0.15302235176455503 0.2446688974559008 0.06766878845714 0.06924248121195721
0 0.023867673448061004 0.2461032505582735 0.04773534689612201 0.06049974368519493
0 0.00996672078050899 0.21637794296728174 0.01993344156101798 0.024829374576004818
