0 0.5544304858854244 0.02341088606616464 0.05652872489147064 0.035401827709809944
0 0.6583542194590949 0.2036881590230311 0.10325757619887532 0.07829709340270949
0 0.6479241697166823 0.3547221146605101 0.16560493423193093 0.13271475565625138
0 0.7585613825072585 0.16008597277556613 0.07214142033768653 0.05724654996945764
0 0.7549946891510111 0.12868112561363798 0.06070108315726969 0.049709386650594906
0 0.7453040505981875 0.09090558088457579 0.05235636662567174 0.031584303431424904
0 0.6784117261432803 0.10499289804006928 0.0687766152846227 0.05293959950153608
0 0.681238162387854 0.07906146709779145 0.05343310424265198 0.03983929182827461
0 0.6835262298239373 0.06237203403459532 0.04670349413652474 0.03337886612639223
0 0.6836285643908403 0.047978597671233816 0.04460452318276225 0.02743752880735165
0 0.6889677591857845 0.04160122611060614 0.041489992885711334 0.030107126204823694
0 0.6886340595111002 0.03344412295166376 0.03704066388992473 0.02298819981156489
0 0.6921379060952825 0.02499039785966893 0.032035168769664606 0.026844284941246747
0 0.9394414045986132 0.23657847164392215 0.05129981783900959 0.04755411685393913
0 0.8810573262008833 0.17979581613111356 0.04950839562875871 0.05471980569494367
0 0.8624102495578149 0.15145877389623205 0.04152842396491266 0.027577044933562878
0 0.846613162794691 0.12540172356530646 0.03794557954441032 0.03278845499974798
0 0.8652602394377596 0.12040745558521242 0.02149706652301347 0.02019421400646733
0 0.9869714748345373 0.23434783021407782 0.026057050330925476 0.019937591541086982
0 0.7349601830207098 0.07041877680646705 0.04029607205516797 0.022572158705458964
0 0.7335295532436032 0.06088124495909002 0.0379116890933237 0.021300487792475353
0 0.7320989234664966 0.04975412447048348 0.03171229339252861 0.014942133227557336
0 0.2910317628553253 0.0410634699660713 0.03961246396020307 0.025247504502107432
0 0.3338001648782918 0.023070995493305074 0.03939481305932279 0.019443480478634464
0 0.34827394978682746 0.012188450449293247 0.03395354053731687 0.01625126726572433
0 0.5822486682330817 0.013349255253987842 0.043965481977807815 0.024376900898586493
0 0.9041247781622559 0.17728501656154652 0.033735889636436554 0.036275150146706084
0 0.8842097207317154 0.14304127482305615 0.04440078377956835 0.040337966963136636
0 0.9472196565365425 0.17481830635157045 0.030688777024113278 0.016831669668071605
0 0.9560345180221921 0.18773225980379776 0.035259445942598264 0.020604285283329027
0 0.9685494448228059 0.20253252106365388 0.03286528603291572 0.022345492490370978
0 0.9817173243260601 0.22081519673759373 0.030906427924993807 0.010737444443424983
0 0.9914027894152313 0.24969021625437215 0.017194421169537722 0.023216096093892503
