0 0.08535465621063412 0.17806610303357764 0.045688357663347015 0.025862490857052504
0 0.07850599897538396 0.20123203086287986 0.05331840532141112 0.04130644274325432
0 0.07744882369745953 0.21618569856221911 0.05543275587726037 0.048660705546207855
0 0.07220891145035525 0.2321812201586431 0.04017266056113214 0.03456503517387983
0 0.08912371589714749 0.23696149098056224 0.057271321577998344 0.050744413340377076
0 0.17721339101287717 0.06662079176783893 0.012642563864140975 0.010566919050625208
0 0.18721422511436198 0.06184051886398466 0.012453868881094354 0.010315325739895898
0 0.2197405228170679 0.05617966937257832 0.01636928977931696 0.017234141784948306
0 0.23233591293544717 0.052311422220117226 0.011746262694668063 0.012642563864140956
0 0.2408271871725569 0.0529718546607812 0.0181618921182618 0.012579665536458638
0 0.24252544201997864 0.06007936568888051 0.019765799474160635 0.016353565197396294
0 0.25462550780785975 0.04888346336143218 0.015472988609844161 0.008554172564791804
0 0.2585173418332016 0.05448141452515626 0.017407112186074748 0.014718208677656608
0 0.27908509498531153 0.04275087641240864 0.016557984762363667 0.012390970553411696
0 0.27998139615478446 0.06328718040067752 0.020520579406348598 0.016479361852760818
0 0.26222048087549693 0.06904237738360718 0.023020787931718932 0.016542260180443143
0 0.1958470205887571 0.06467094360968795 0.01490690366070272 0.01207647891500029
0 0.18799259191943032 0.07894886399356812 0.019954494457207397 0.017234141784948327
0 0.2131597852833071 0.0729420736999096 0.01868080332164126 0.015410090282161781
0 0.1576598733946441 0.07577249844561254 0.011274525237050758 0.009623444135390782
0 0.14579567633557164 0.08083581382403723 0.014152123728515953 0.012076478915000194
0 0.1396866762594281 0.09429605594804816 0.015237119881035146 0.01559878526520869
0 0.1549002092675837 0.08728289241147223 0.013869081253945488 0.01377473376242221
0 0.16032519003018147 0.08115030546244865 0.01179343644042989 0.01169908894890652
0 0.17372253382650993 0.08571043421941482 0.015095598643750256 0.011761987276588826
0 0.1660803870131113 0.09486214089718838 0.016699505999648617 0.015598785265208685
0 0.20535253035974196 0.09395011514579561 0.02533230147404282 0.022077313016484787
0 0.22676941093556344 0.07564670179024807 0.021558401813107107 0.011133003999765863
0 0.2433745694436882 0.07775379576760517 0.02014318944025486 0.016730955163489596
0 0.22367953058817064 0.08596202753014434 0.02236035549105565 0.019058193287734736
0 0.22148595141025054 0.1034477626258219 0.020331884423301704 0.01591327690362002
0 0.2436104381724981 0.09152852953002723 0.025237953982519924 0.01685675181885456
0 0.27250435745155166 0.075395108479519 0.02990815481293052 0.012265173898047153
0 0.26264504458735216 0.08199943288615985 0.030285544779024124 0.01603907355898468
0 0.2837788826886023 0.09005041882949331 0.02160557555886834 0.024341652813047374
0 0.2692729558668733 0.10005125293097797 0.03722008540599735 0.02509643274523499
0 0.2429264188589527 0.10819658636583437 0.0304742397620712 0.03056858725359456
0 0.214527823910398 0.12216001511130374 0.0332103170162502 0.03132336718578197
0 0.4122490762924129 0.21055491387498904 0.0802438709054629 0.06494522393086744
0 0.5070019865866878 0.2523054149734039 0.09623342451762255 0.08369840409327596
0 0.5636316556297531 0.2892195696088818 0.10082301861000344 0.09396330270848859
0 0.6366210068408111 0.3195207607134051 0.08542567068718317 0.10126717287700586
0 0.7030220697579712 0.3653180006889704 0.08261269366282246 0.11666452079982587
0 0.7791205008380602 0.4192087184188399 0.08024387090546459 0.13087745734396702
0 0.9248771261266756 0.5297537804288271 0.06914001423035558 0.14193196354496584
0 0.9755470868300685 0.5947898092320547 0.048905826339852486 0.16027257374380055
0 0.1022312533146832 0.4193922448473937 0.10487962758197555 0.11703958440307241
0 0.14799231939272603 0.5296244248515164 0.15823632383148342 0.1831311211466044
0 0.1794090281205623 0.6054267836842233 0.17334464132607688 0.21745572612019534
