0 0.414826127819549 0.7499999999999997 0.2079417293233085 0.28947368421052566
0 0.2805451127819548 0.5474624060150375 0.11983082706766911 0.20394736842105246
0 0.3665413533834585 0.46193609022556376 0.13533834586466148 0.17011278195488702
0 0.4535949248120299 0.3984962406015037 0.13886278195488724 0.16353383458646611
0 0.4324483082706761 0.24436090225563917 0.09656954887217979 0.07894736842105265
0 0.5254934210526315 0.36137218045112784 0.13040413533834577 0.12499999999999992
0 0.6601268796992472 0.48120300751879697 0.16000939849624132 0.15225563909774434
0 0.7263862781954884 0.4074248120300749 0.14309210526315766 0.12875939849624018
0 0.6442669172932328 0.2847744360902254 0.10573308270676646 0.09962406015037556
0 0.7538768796992481 0.3627819548872179 0.12194548872180451 0.1296992481203004
0 0.8218984962406006 0.7847744360902253 0.14379699248120065 0.31390977443608986
0 0.9824953007518793 0.805451127819549 0.0350093984962405 0.12781954887218075
0 0.9863721804511278 0.6522556390977445 0.027255639097744387 0.11654135338345868
0 0.9856672932330827 0.5258458646616541 0.028665413533834682 0.07988721804511278
0 0.9842575187969925 0.44595864661654133 0.03148496240601503 0.05545112781954884
0 0.9838749999999998 0.40716666666666657 0.032250000000000084 0.032333333333333415
0 0.9847499999999999 0.3796666666666668 0.030500000000000114 0.03
0 0.984874999999999 0.357999999999999 0.030249999999998188 0.027999999999999893
0 0.9812499999999956 0.33633333333333043 0.037499999999993275 0.02933333333333277
0 0.9792499999999988 0.3184999999999996 0.04149999999999852 0.02433333333333283
0 0.9859999999999997 0.30816666666666603 0.0279999999999992 0.020999999999999956
0 0.9899999999999964 0.2828333333333323 0.01999999999999345 0.03033333333333518
0 0.9673749999999987 0.26333333333333275 0.01974999999999751 0.027999999999998946
0 0.9452499999999989 0.2684999999999997 0.031499999999998425 0.036333333333332905
0 0.9462499999999975 0.2444999999999995 0.018999999999995642 0.021666666666665804
0 0.9249999999999987 0.23133333333333295 0.024999999999998045 0.03133333333333257
0 0.801749999999999 0.29849999999999943 0.07899999999999793 0.06699999999999912
0 0.6638749999999995 0.2594999999999997 0.08824999999999941 0.08166666666666661
0 0.690874999999998 0.24283333333333207 0.09224999999999664 0.08833333333333288
0 0.717499999999999 0.23283333333333292 0.06749999999999802 0.06766666666666597
0 0.73425 0.22266666666666665 0.0675 0.06533333333333338
0 0.7509999999999993 0.2158333333333332 0.05749999999999912 0.06099999999999985
0 0.7669999999999986 0.21033333333333315 0.061 0.05666666666666638
0 0.7298749999999984 0.14799999999999977 0.036250000000000775 0.029999999999999808
0 0.7816249999999982 0.19566666666666635 0.05674999999999726 0.05666666666666604
0 0.7996249999999994 0.1968333333333333 0.03875000000000058 0.04366666666666659
0 0.8053749999999988 0.1919999999999999 0.04525000000000086 0.045333333333333246
0 0.812625 0.18833333333333332 0.03875 0.03933333333333337
0 0.8132499999999989 0.18099999999999966 0.04700000000000189 0.0459999999999999
0 0.8128749999999989 0.2759999999999991 0.08125000000000196 0.07866666666666632
0 0.827499999999999 0.2654999999999996 0.058500000000001995 0.051666666666667416
0 0.860875 0.2303333333333333 0.055250000000000056 0.045999999999999944
0 0.8708749999999984 0.22599999999999895 0.04525000000000314 0.037999999999999805
0 0.8828749999999955 0.20183333333333234 0.023750000000000337 0.026999999999999726
0 0.8628749999999994 0.1888333333333331 0.020749999999998735 0.02499999999999967
0 0.819375 0.1593333333333333 0.016749999999999973 0.017333333333333326
0 0.8397499999999973 0.17783333333333298 0.028000000000001087 0.01966666666666644
0 0.8033750000000001 0.14833333333333332 0.024750000000000084 0.024666666666666684
0 0.7823750000000002 0.13916666666666663 0.024249999999999973 0.024333333333333353
0 0.7629999999999981 0.1294999999999998 0.02349999999999673 0.023666666666666263
