0 0.28125000000000006 0.8815298507462689 0.27985074626865675 0.23694029850746204
0 0.14272388059701493 0.5699626865671641 0.19309701492537315 0.17723880597014918
0 0.14412313432835822 0.4813432835820898 0.13152985074626858 0.13059701492537337
0 0.12803171641791045 0.44402985074626855 0.11333955223880601 0.12686567164179105
0 0.1399253731343284 0.3833955223880598 0.11194029850746269 0.09514925373134343
0 0.12343652545597479 0.2962750524592006 0.07885198939575704 0.07713247560831023
0 0.12712119785764572 0.24984818019814753 0.06411329978907353 0.06091991704095853
0 0.12380499269614191 0.21938822167766803 0.05232234810372665 0.04323348951293812
0 0.19805114158981044 0.21300145618143865 0.033530518855205076 0.05207670327694875
0 0.937729036411761 0.7426117027149353 0.10317082724678421 0.2151848682575796
0 0.8487441979114092 0.6824287201543094 0.12122572201497221 0.23925806128182942
0 0.769339507655401 0.582942565309195 0.14149142022416025 0.21911518548603126
0 0.6457187485793427 0.4893518863067554 0.1676525942760277 0.18718135800488134
0 0.9587316691012835 0.5795035377343021 0.07516731699408144 0.14345657883838409
0 0.8942499020720434 0.5340592447803616 0.07664118595475058 0.14001755126349474
0 0.8314262376235565 0.46576998293606203 0.07995739111625844 0.1282265995781469
0 0.7606805275114751 0.4188518210214525 0.08806367039993349 0.10808372378234603
0 0.7031996380454073 0.36137093155538624 0.09543301520327209 0.11299662031790798
0 0.6401917399768362 0.3240329178851216 0.09616994968360804 0.09432761348277457
0 0.5366524454898826 0.4004284590130983 0.1367013461019946 0.1154530685856885
0 0.592106765135032 0.2889057076558592 0.09580148244344273 0.0908885859078818
0 0.4948314137309209 0.34147370058636367 0.13117433749948373 0.09874922036477951
0 0.5445744911534777 0.2616391318834946 0.08474746523843027 0.06878055149785647
0 0.5069908326564346 0.24468963883580844 0.0876952031597671 0.06632410323007604
0 0.40400423902973337 0.28374716629351987 0.10353929448695212 0.0884321376401015
0 0.46516980089746995 0.21251016652788265 0.10501316344762018 0.07565860664764207
0 0.833821274684642 0.30659213518387934 0.04790074122172054 0.06730668253718813
0 0.7938425791265137 0.2803081387186269 0.046058405020886255 0.05207670327694856
0 0.7494422766863781 0.2540241422533746 0.056007020505395085 0.05649831015895371
0 0.6969356949625687 0.26827154220650207 0.09101140832127234 0.0653415239229638
0 0.7087266466479156 0.22503805269356356 0.05048001190289051 0.045689937780719274
0 0.6716956890111231 0.2127558113546605 0.04937461018238921 0.0456899377807193
0 0.6377967029157506 0.19064777694463525 0.05453315154472796 0.04962025500916812
0 0.5989234090781231 0.1751721528576174 0.055638553265230796 0.0422509102058259
0 0.5057011973158496 0.1432383253764698 0.055638553265229984 0.035372855056040764
0 0.4837773965259079 0.13242995299823507 0.04937461018239046 0.03733801367026474
0 0.45964279229496335 0.12972785990367647 0.04679533950122094 0.03291640678825974
0 0.4419563647669433 0.12604318750200558 0.03868906021754478 0.028494799906254715
0 0.4251911053393407 0.1211302909664445 0.03832059297737732 0.030459958520479335
0 0.4002996681576896 0.11376085476097064 0.042760081618133265 0.02992732179696593
0 0.3829683393955227 0.1127190809009496 0.033099996734302424 0.02557081292778722
0 0.35519559535450923 0.11120377346819188 0.040060940253533524 0.025570812927787304
0 0.28906663192181453 0.11129848018273933 0.02059871041405107 0.018562516051282497
0 0.2934704941482669 0.1438775899870312 0.04531716291091201 0.03030614865515542
0 0.3108728529463443 0.1483288055707573 0.0483004244191539 0.03579913809890204
0 0.34326254932154154 0.15922007774370367 0.04687982370094329 0.03523089781161813
0 0.30895504197676144 0.20392164701005805 0.08168454129709643 0.06023347045212166
0 0.28196362833076316 0.1889579861115754 0.061227890954869524 0.04015564696807998
0 0.2546880945411236 0.173047258067619 0.05639784851295475 0.03106380237153296
0 0.24268401847224563 0.16348187989833576 0.05000514528100783 0.03314735009157461
0 0.2335211438397881 0.15230648758174667 0.047874244203690165 0.035799138098902776
0 0.20297822839826388 0.1184014837737913 0.015200427684851369 0.01761544890580902
