0 0.5282208588957055 0.3699386503067485 0.2098159509202455 0.1975460122699387
0 0.7647239263803681 0.4736196319018405 0.16748466257668723 0.20122699386503073
0 0.9338957055214724 0.560122699386503 0.13220858895705517 0.18527607361963183
0 0.7131901840490797 0.7809815950920245 0.2668711656441717 0.24417177914110438
0 0.4288343558282209 0.647239263803681 0.2576687116564417 0.2539877300613497
0 0.2273006134969325 0.5306748466257669 0.1638036809815951 0.1803680981595091
0 0.3101227070683686 0.13006135010675324 0.08466256132338536 0.07852760653495973
0 0.3699386503067484 0.06748466257668712 0.03128834355828225 0.041717791411042954
0 0.24516296239874585 0.12063010880319139 0.07308764294554199 0.060551584425569696
0 0.30104308074934727 0.06953970987256579 0.06705614880568841 0.042575332575040294
0 0.05552532956661503 0.25072140294190387 0.04789724914692032 0.047305925083378074
0 0.02909314392627752 0.24882916593856877 0.041156154822538926 0.04635980658171054
0 0.008337669295945389 0.24126021792522828 0.014546571963138761 0.035952503063367336
