0 0.46848290598290615 0.23290598290598288 0.09722222222222252 0.09544159544159533
0 0.563034188034188 0.2706552706552706 0.10897435897435905 0.10826210826210826
0 0.8263888888888888 0.42450142450142453 0.10149572649572647 0.1737891737891738
0 0.7756410256410261 0.8717948717948716 0.20299145299145369 0.25641025641025567
0 0.9038461538461539 0.9608262108262108 0.11111111111111098 0.07834757834757834
0 0.4668803418803419 0.6552706552706553 0.23931623931623933 0.3076923076923077
0 0.3258547008547007 0.4900284900284898 0.16666666666666635 0.17948717948717985
0 0.2777777777777778 0.44800569800569795 0.13461538461538455 0.12962962962962962
0 0.2483974358974359 0.41168091168091164 0.1463675213675214 0.13390313390313388
0 0.2270299145299145 0.3675213675213675 0.11858974358974357 0.08831908831908834
0 0.19391025641025642 0.28205128205128205 0.0673076923076923 0.045584045584045614
0 0.2740384615384615 0.18447293447293447 0.0651709401709402 0.06980056980056978
0 0.13087606837606838 0.2720797720797721 0.03952991452991453 0.03988603988603987
0 0.02831196581196581 0.2656695156695157 0.03098290598290598 0.038461538461538464
0 0.06303418803418805 0.22008547008547008 0.010683760683760691 0.01566951566951566
0 0.06410256410256408 0.18874643874643873 0.010683760683760701 0.021367521367521392
0 0.07264957264957267 0.1702279202279202 0.010683760683760667 0.012820512820512765
