0 0.5614311346548186 0.741056049213944 0.1859979494190017 0.23634996582365098
0 0.452613636363636 0.6065606060606032 0.23431818181818262 0.2741515151515099
0 0.9657048872180439 0.7027734107997268 0.06859022556390924 0.12899863294600156
0 0.9742727272727214 0.532136363636363 0.05145454545453803 0.1166363636363637
0 0.9134204545454516 0.47934848484848336 0.05593181818181663 0.0993030303030291
0 0.5156249999999969 0.4330757575757509 0.12347727272727399 0.1163333333333294
0 0.36170454545454495 0.5276969696969683 0.17659090909090988 0.15369696969696753
0 0.2500227272727257 0.3509545454545443 0.11022727272727202 0.09093939393939347
0 0.3357954545454546 0.4495454545454545 0.15068181818181817 0.14090909090909093
0 0.44488636363636347 0.34681818181818186 0.12068181818181775 0.09909090909090904
0 0.39443181818181844 0.3204545454545454 0.10977272727272704 0.08818181818181765
0 0.8076704545454529 0.26156060606060544 0.05456818181818248 0.045242424242424126
0 0.6452499999999977 0.18622727272727205 0.04695454545454452 0.0340909090909086
0 0.5781704545454524 0.25757575757575646 0.06565909090909328 0.0463030303030287
0 0.5475000000000002 0.23909090909090902 0.06409090909090914 0.04909090909090908
0 0.45078409090908944 0.20209090909090804 0.055704545454542884 0.02969696969696778
0 0.3830340909090893 0.21128787878787808 0.04329545454545314 0.0329393939393938
0 0.4213295454545443 0.14746969696969625 0.03474999999999953 0.022212121212121475
0 0.37726136363636265 0.14169696969696918 0.029659090909091156 0.01593939393939387
0 0.32170454545454513 0.2525303030303024 0.0642727272727278 0.05051515151515049
0 0.21364772727272716 0.2859090909090903 0.06729545454545464 0.05727272727272742
0 0.2583522727272714 0.2143939393939383 0.05238636363636608 0.034666666666664535
0 0.20292045454545382 0.2572727272727245 0.054749999999999445 0.03636363636363599
0 0.20317045454545382 0.23136363636363444 0.051840909090907716 0.033636363636363485
0 0.528693181818181 0.15336363636363573 0.033522727272725865 0.024181818181816972
0 0.5758977272727249 0.12789393939393887 0.022886363636362105 0.014090909090908757
0 0.6200909090909067 0.1392272727272722 0.024499999999996764 0.013606060606059915
0 0.30363636363636287 0.4212575757575734 0.1381818181818191 0.12657575757575484
0 0.21862499999999874 0.26866666666666494 0.06299999999999831 0.03600000000000167
0 0.420625 0.132 0.021500000000000057 0.013333333333333322
0 0.3094999999999993 0.23583333333333276 0.0552499999999985 0.03366666666666771
0 0.28912499999999963 0.23683333333333323 0.05449999999999993 0.04233333333333342
0 0.1939999999999998 0.22616666666666657 0.041249999999999974 0.031000000000000184
0 0.22524999999999962 0.19033333333333313 0.03574999999999992 0.026000000000000204
0 0.10837500000000003 0.22033333333333333 0.018499999999999996 0.009333333333333336
0 0.12075 0.1758333333333333 0.010749999999999975 0.007666666666666658
0 0.42737499999999995 0.10549999999999998 0.007500000000000073 0.006333333333333329
0 0.358125 0.12683333333333333 0.0125 0.009666666666666667
0 0.30875 0.11916666666666664 0.00875 0.006999999999999993
0 0.30899999999999994 0.113 0.007249999999999979 0.004666666666666668
0 0.348125 0.10766666666666666 0.006499999999999986 0.00533333333333335
