0 0.03524436090225552 0.5605438596491217 0.06907894736842082 0.1296992481202999
0 0.05709586466165411 0.4295112781954882 0.0634398496240601 0.10150375939849607
0 0.21005639097744358 0.393796992481203 0.08176691729323297 0.08646616541353377
0 0.30370394736842 0.3033145363408518 0.08902067669172897 0.07279448621553909
0 0.341802631578947 0.2753759398496231 0.08413157894736825 0.06015037593984944
0 0.08634868421052634 0.9332706766917289 0.14309210526315794 0.1334586466165412
0 0.36090225563909767 0.6179511278195488 0.1973684210526315 0.22462406015037564
0 0.4433740601503757 0.5216165413533833 0.16071428571428542 0.15977443609022526
0 0.6900845864661656 0.5535714285714285 0.1550751879699253 0.16917293233082698
0 0.6326362781954887 0.2890037593984961 0.08529135338345861 0.07612781954887199
0 0.742598684210526 0.3012218045112782 0.09234022556390938 0.08552631578947363
0 0.9846099624060146 0.7133458646616532 0.0307800751879695 0.11654135338345677
0 0.9916588345864639 0.8336466165413533 0.01668233082706708 0.09962406015037621
0 0.25812499999999994 0.13799999999999998 0.022749999999999986 0.01666666666666666
0 0.15474999999999967 0.16583333333333297 0.02899999999999938 0.019666666666667307
0 0.1339999999999997 0.16966666666666652 0.019999999999999976 0.01733333333333349
0 0.17230566714891551 0.1455346352736374 0.015523033076478936 0.01693421790161312
0 0.21337114556032766 0.13509186756764247 0.016369743971559277 0.024272378992312663
0 0.10922570546540587 0.17545175356648746 0.01524079611145199 0.015428954088136564
0 0.1603811553765296 0.1484510839122485 0.019615469069368386 0.017122375878298027
0 0.05122600915238027 0.20527479287099532 0.01552303307647886 0.013359216344606075
0 0.0796613833788393 0.18382478352895182 0.014535203698884773 0.012606584437867668
0 0.09659560128045261 0.17799188625172946 0.015664151558992322 0.01674605992492868
0 0.24159484206301657 0.13170502398731973 0.026530274712527523 0.01599342801819038
0 0.20377508874941358 0.13857279013630738 0.00649145019561849 0.014300006228028895
