0 0.6383758305647771 0.38768770764119415 0.08122176079732864 0.1773687707641232
0 0.3133243355481676 0.15381838316721932 0.06403405315614746 0.036522702104097374
0 0.5439999999999996 0.08266666666666658 0.022999999999998952 0.025999999999999846
0 0.534625 0.04083333333333333 0.015750000000000028 0.015000000000000005
0 0.6263749999999997 0.05883333333333324 0.013749999999999464 0.014999999999999979
0 0.7996249999999984 0.13216666666666615 0.02274999999999753 0.027666666666665653
0 0.7792499999999992 0.1066666666666663 0.01649999999999853 0.02733333333333324
0 0.7679999999999996 0.09933333333333326 0.010999999999999309 0.01733333333333333
0 0.7553749999999999 0.09316666666666666 0.013749999999999858 0.017666666666666657
0 0.7523750000000001 0.08199999999999999 0.011249999999999857 0.012000000000000002
0 0.73725 0.07683333333333332 0.011000000000000227 0.012999999999999989
0 0.8461249999999955 0.14033333333333256 0.02724999999999179 0.023333333333332793
0 0.8311249999999988 0.12716666666666657 0.01724999999999791 0.013666666666666468
0 0.8188749999999995 0.11683333333333329 0.01724999999999934 0.014999999999999944
0 0.8122499999999981 0.11083333333333321 0.01299999999999994 0.010999999999999788
0 0.9861249999999991 0.25566666666666654 0.027749999999998567 0.033333333333333076
0 0.8756249999999991 0.15483333333333316 0.029749999999998843 0.03366666666666637
0 0.8711249999999982 0.14233333333333278 0.02974999999999659 0.019999999999999015
