0 0.8037947993311064 0.1759594046945122 0.012869959905168286 0.009315399550407548
0 0.811470811131689 0.1811073886565795 0.019029155002641716 0.007599404896385096
0 0.820801532062936 0.18723594099237395 0.028497768361444145 0.01005082583070287
0 0.8344988465334364 0.19330320780481042 0.013421529615389859 0.007476833849669191
0 0.8077017514451754 0.19121950001064028 0.025647991525299715 0.01973393852125806
0 0.8265010857352248 0.19624491292599175 0.017650230727087858 0.013115101998600096
0 0.8376244082246916 0.2034153191588712 0.029600907781887002 0.012257104671588834
0 0.8551367465242243 0.21438542783994322 0.035392389739213 0.022430501549007574
0 0.8322466035500323 0.20807301893407498 0.01921301157271557 0.018385657007383288
0 0.8509080454125262 0.22106554988595917 0.03686324229980343 0.024269067249745896
0 0.8851972957312959 0.23185180199695737 0.026567274375668717 0.011521678391293548
0 0.8947578373751353 0.2385932095663312 0.017374445871977146 0.011031394204429966
0 0.8743497580969398 0.24613132893935827 0.04329822225238757 0.03223618528627863
0 0.9300072786311153 0.2679894237002028 0.025361175275984492 0.013199676020834055
0 0.9284770363927279 0.28845633708082186 0.030700370070928643 0.023878065610722244
0 0.9437159882032974 0.2843777855013506 0.0351496990667151 0.021653401112828874
0 0.953115195706897 0.3133725794572277 0.04193492578529003 0.04256524739302661
0 0.9655177002826525 0.3000245924698674 0.025806108175563055 0.014979407619148724
0 0.9815909012799321 0.31752528651996204 0.02391514335235385 0.02506455334293207
0 0.9907676423337424 0.3348035141202672 0.018464715332515168 0.023729754644195963
0 0.6623260717365472 0.983563653449687 0.10910936433399314 0.03287269310062612
0 0.3030669963652142 0.992830955228055 0.0873399478923551 0.01433808954389022
0 0.1387472445497173 0.9660781783961623 0.10333915756633008 0.06784364320767537
0 0.04380111500907899 0.9482429938415673 0.08760223001815798 0.10351401231686537
0 0.04721078264451628 0.45515259733217517 0.08445484450852357 0.10211517431258343
0 0.12196118849833372 0.4471092788075539 0.09547069379224403 0.1077105263297112
0 0.180056679363669 0.45218006657307597 0.10097861843410422 0.12834338689287023
0 0.7082566223451099 0.4053431656866539 0.0861136656467717 0.11560644663487317
0 0.7614618619895688 0.3950962306440174 0.07901963369417729 0.09668902809462111
0 0.8232390569100789 0.40008832720325055 0.08512838343113387 0.13031999438840244
0 0.8739824046198846 0.4031098593312074 0.0821725367842194 0.10378306004721556
0 0.9016688348793157 0.395884456416528 0.07606378704726324 0.08250096418943208
0 0.9293552651387469 0.3939138919852516 0.08335487544298516 0.09852822156381237
0 0.9698503642014732 0.40836469781461077 0.060299271597053235 0.08434015765862327
0 0.9928074398258429 0.38156502154925465 0.014385120348314613 0.016027257374379423
0 0.9812796379028831 0.39273155332648907 0.037440724194234526 0.04676806250228753
