0 0.6640037593984955 0.7490601503759396 0.15507518796992384 0.27067669172932385
0 0.8352913533834587 0.35009398496240607 0.09304511278195492 0.09492481203007522
0 0.8455122180451127 0.33082706766917297 0.06978383458646618 0.07894736842105264
0 0.8310394736842056 0.2548195488721789 0.06375563909773745 0.0471779448621525
0 0.5984492481203004 0.2363721804511278 0.0747180451127813 0.06296992481202997
0 0.484609962406015 0.19595864661654133 0.0641447368421052 0.04981203007518797
0 0.44231672932330796 0.34727443609022546 0.13463345864661594 0.11560150375939822
0 0.184328007518797 0.3294172932330827 0.10220864661654135 0.09492481203007516
0 0.07189849624060149 0.9877819548872181 0.08458646616541352 0.024436090225563874
0 0.00986842105263158 0.35526315789473684 0.01973684210526316 0.058270676691729334
0 0.04405545112781954 0.32424812030075195 0.03735902255639098 0.050751879699248256
0 0.11630639097744361 0.27067669172932335 0.035244360902255634 0.04699248120300755
0 0.22098214285714288 0.20770676691729328 0.047227443609022556 0.04135338345864663
0 0.25340695488721804 0.19125939849624068 0.041588345864661674 0.03665413533834592
0 0.2935855263157893 0.17763157894736836 0.04581766917293244 0.03383458646616535
0 0.3168468045112782 0.16541353383458646 0.03735902255639105 0.0281954887218045
0 0.4673749999999991 0.0773333333333332 0.038249999999998376 0.01933333333333308
0 0.5238749999999999 0.076 0.037249999999999873 0.020000000000000007
0 0.5804999999999999 0.08199999999999999 0.037500000000000144 0.021333333333333336
0 0.9788749999999999 0.25166666666666665 0.017250000000000085 0.02466666666666665
0 0.6412499999999999 0.09649999999999999 0.024499999999999886 0.026999999999999975
0 0.6119999999999999 0.09416666666666666 0.026499999999999985 0.025666666666666664
0 0.04749999999999998 0.23516666666666663 0.04199999999999998 0.04699999999999996
0 0.17849999999999994 0.1648333333333333 0.04699999999999999 0.03433333333333332
0 0.2123749999999998 0.13533333333333292 0.0317500000000003 0.027999999999999158
0 0.20512499999999814 0.11733333333333268 0.02474999999999912 0.01600000000000038
0 0.150375 0.13283333333333336 0.022249999999999995 0.014999999999999982
0 0.11500000000000002 0.14783333333333334 0.0125 0.011000000000000015
0 0.137125 0.12683333333333333 0.019249999999999972 0.016333333333333328
0 0.15325 0.11649999999999999 0.02 0.009666666666666667
0 0.16912499999999997 0.11016666666666666 0.01375 0.01166666666666668
0 0.17324999999999993 0.1238333333333333 0.013499999999999958 0.014333333333333415
0 0.21287499999999998 0.09783333333333331 0.01875 0.016333333333333346
0 0.23001704497200187 0.09250000000000001 0.016465910055996263 0.014333333333333333
0 0.28712499999999996 0.07833333333333334 0.02724999999999998 0.01333333333333333
0 0.31799999999999995 0.071 0.02450000000000003 0.012000000000000002
0 0.33375 0.06516666666666665 0.026000000000000013 0.011666666666666669
0 0.3508749999999995 0.06199999999999993 0.024249999999999088 0.011999999999999893
0 0.3663749999999999 0.05783333333333332 0.025749999999999957 0.010999999999999996
0 0.37874999999999986 0.05483333333333333 0.022500000000000072 0.010333333333333332
0 0.38987499999999997 0.05299999999999999 0.01874999999999993 0.012000000000000002
0 0.4019999999999999 0.050499999999999996 0.02249999999999993 0.010333333333333332
0 0.28412499999999996 0.0705 0.014749999999999907 0.01033333333333334
0 0.23058404082754103 0.0845330519398137 0.015511370391973606 0.013217709105942435
0 0.3049336545484677 0.06632179921981728 0.016561011997445276 0.014772733706641828
0 0.4357889746972986 0.054736865944609046 0.025891159601641414 0.017105270607690085
0 0.4168954257988032 0.048205762621672414 0.022159100559962328 0.010263162364614135
0 0.4311822143177265 0.044940210960204306 0.02390850323574909 0.008397132843775239
0 0.44651864444212125 0.042918678979295445 0.022159100559962328 0.009330147604194665
0 0.46255483563683086 0.0394976248577574 0.01784390729302231 0.010885172204893774
0 0.4745090872547052 0.03864236132737289 0.017960534138074705 0.00917464514412475
0 0.48337272747869015 0.048516767541812236 0.017960534138074705 0.01181818696531324
0 0.48238139929574453 0.03840910763726813 0.01761065360291756 0.008708137763915201
0 0.4902537113367837 0.03794260025705838 0.012828952955767184 0.008086127923635389
0 0.5019163958420271 0.03638757565635919 0.008397132843775168 0.007464118083355733
0 0.5044238730106544 0.0352990584358698 0.011312803970085881 0.007775123003495552
0 0.5108383494885382 0.03428829244541538 0.012245818730505604 0.009485650064264575
0 0.448617927653065 0.03677633180653396 0.010029908674509258 0.006064595942726525
0 0.4471017786673833 0.033744033835170696 0.010029908674509258 0.007153113163215905
0 0.43701355657034796 0.03537680966590476 0.011312803970086023 0.007930625463565466
0 0.4263422002480503 0.036154321966254316 0.010496416054718977 0.007930625463565471
0 0.4160790378834362 0.03646532688639414 0.009796654984404398 0.008241630383705284
0 0.406632263434189 0.03724283918674369 0.010029908674509258 0.006997610703145991
0 0.39992621984367416 0.04346293758954014 0.008513759688827704 0.006064595942726525
0 0.39642741449210106 0.03794260025705829 0.008980267069037283 0.007775123003495556
0 0.38768040111316865 0.0387201125574079 0.011779311350295592 0.011196177125033688
0 0.3782336266639216 0.039031117477547665 0.009213520759142285 0.009330147604194657
0 0.36808709114435983 0.04968303599233657 0.010846296589876231 0.005753591022586706
0 0.3557246455688019 0.05209332412342028 0.015044863011764043 0.008086127923635389
0 0.34447015502124223 0.05395935364425917 0.015627997237026053 0.010885172204893823
0 0.3327491570934725 0.055592129474993264 0.015744624082078516 0.009485650064264713
0 0.3648215394828918 0.04688399171107818 0.011312803970086023 0.006064595942726534
0 0.36418009183510336 0.043462937589540125 0.012129191885453068 0.006375600862866353
0 0.3532171684001746 0.04540671834041403 0.009330147604194608 0.005909093482656606
0 0.3445284684437683 0.045717723260553844 0.010613042899771443 0.007153113163215901
0 0.33531494768462605 0.0478947577015326 0.011312803970086023 0.00684210824307609
0 0.32289418868654196 0.055825383165098066 0.013528714026082262 0.009952157444474316
0 0.35455837711827753 0.03343302891503087 0.01737739991281259 0.009019142684054841
0 0.45847289605999564 0.032189009234471586 0.010146535519561795 0.005598088562516792
0 0.4694358194949244 0.031878004314331757 0.009213520759142214 0.005598088562516792
0 0.48389754828142606 0.029700969873353005 0.007114237548198474 0.004354068881957516
0 0.3639468381449984 0.027523935432374254 0.009796654984404327 0.0071531131632159095
0 0.31245608605434916 0.05100480690293083 0.009680028139351897 0.009641152524334489
0 0.32522672558759064 0.046417484330868446 0.009563401294299468 0.007930625463565457
