0 0.9118589743589743 0.8262108262108262 0.12286324786324783 0.3076923076923077
0 0.8263888888888888 0.792022792022792 0.12713675213675216 0.32478632478632474
0 0.7094017094017094 0.7514245014245015 0.11324786324786316 0.32905982905982917
0 0.4759615384615385 0.6517094017094018 0.1826923076923075 0.34330484330484395
0 0.3509615384615383 0.6068376068376069 0.18696581196581183 0.30484330484330496
0 0.2719017094017092 0.5227920227920226 0.16346153846153816 0.2592592592592589
0 0.05982905982905983 0.5797720797720798 0.10256410256410256 0.17094017094017097
0 0.19070512820512817 0.49145299145299126 0.16987179487179482 0.2535612535612533
0 0.1527777777777778 0.4173789173789174 0.14102564102564105 0.1794871794871795
0 0.11434934648793384 0.3978747379133474 0.14637954232420217 0.1695898291620779
