0 0.0773863636363636 0.1940909090909091 0.04431818181818172 0.04636363636363622
0 0.47157954545454295 0.24480303030302944 0.10929545454545257 0.07845454545454396
0 0.6536477272727236 0.2695909090909075 0.07079545454545214 0.08784848484848422
0 0.9327727272727254 0.6977121212121158 0.09127272727272334 0.23912121212120152
0 0.6296818181818158 0.725106060606058 0.1983181818181851 0.23960606060606138
0 0.6912840909090903 0.5906363636363616 0.18288636363636232 0.1950909090909051
0 0.7195340909090894 0.49695454545454304 0.175931818181816 0.1639090909090896
0 0.23931818181818176 0.1045454545454545 0.04772727272727313 0.03636363636363629
0 0.34125 0.06681818181818182 0.04159090909090907 0.02454545454545454
0 0.4251136363636363 0.047727272727272715 0.033409090909090985 0.02090909090909091
0 0.8539999999999968 0.19657575757575674 0.043500000000006894 0.03387878787878632
0 0.5256477272727258 0.07380303030303016 0.03634090909091171 0.02754545454545425
0 0.5937045454545435 0.07660606060606043 0.019636363636361762 0.02309090909090926
0 0.6126249999999999 0.030999999999999996 0.0145000000000001 0.013999999999999995
0 0.6389999999999999 0.0375 0.011750000000000043 0.007000000000000002
0 0.6511249999999998 0.03683333333333333 0.008500000000000086 0.009000000000000003
0 0.6594999999999999 0.03799999999999999 0.0057500000000000285 0.007333333333333334
0 0.6751249999999999 0.03899999999999999 0.0075 0.008666666666666666
0 0.7103749999999992 0.05799999999999992 0.007999999999998944 0.009999999999999992
0 0.6984999999999998 0.06016666666666667 0.01125 0.010999999999999996
0 0.6921249999999998 0.07183333333333332 0.011000000000000086 0.012999999999999998
0 0.6775 0.06583333333333331 0.011749999999999972 0.012333333333333325
0 0.6669999999999999 0.06599999999999999 0.007749999999999915 0.010666666666666665
0 0.8383749999999965 0.16316666666666652 0.00800000000000009 0.01033333333333301
