0 0.6627373580229033 0.9146970366896298 0.23695267586213217 0.17060592662072196
0 0.803329279034432 0.6945943288888123 0.18956214068970362 0.24011204487362328
0 0.9549789915861905 0.8936345766129972 0.09004201682759776 0.18745589468204482
0 0.9676164676321712 0.7667332546512807 0.06476706473563897 0.13795911350195522
0 0.9782793380459686 0.6541544039347387 0.04344132390805128 0.10025730675090141
0 0.8677014226436438 0.5324133862987362 0.15717860832188088 0.16428718859774183
0 0.8736252395401959 0.4660666370573404 0.12953412947130108 0.12637476045980198
0 0.8898170057241077 0.4239417169040739 0.09557091259773028 0.11163103840615848
0 0.898110349379284 0.3960339573025348 0.1026794928735903 0.10215293137167288
0 0.9079833775402034 0.36970588220674294 0.08767249006899448 0.07687797927971289
0 0.9131173521838849 0.34759029912627715 0.08846233232186376 0.09372794734102032
0 0.9277294338620459 0.33758563058987556 0.06397722248276413 0.06318738022990336
0 0.907983377540205 0.300199763953852 0.07345532951726301 0.05160302718775331
0 0.9782793380459691 0.5734851834481681 0.043441323908051575 0.07793110228354343
0 0.9830183915632142 0.5266212097776624 0.03396321687357144 0.06424050323373215
0 0.9755148901609124 0.4718588135784137 0.048970219678170626 0.07898422528737528
0 0.9794641014252815 0.4329985731300876 0.0410717971494343 0.04760115655931597
0 0.22471012094258275 0.5513696003677054 0.11926618018393804 0.20851835475867359
0 0.31356737439087967 0.47975723610715093 0.13585286749428785 0.17481841863606196
0 0.4600831122989611 0.36917932070482606 0.13032397172417184 0.1326934984827931
0 0.5722407122070344 0.2986200794481044 0.11768649567819114 0.10109980836784198
0 0.12084586468968425 0.4644869525515924 0.07266548726438607 0.14006535950961513
0 0.24801046740235866 0.37444493572398485 0.08372327880461887 0.1305872524751291
0 0.6736975146660634 0.24020326675663078 0.0916600324713172 0.06983621521624074
0 0.6874008417797155 0.2205110781636792 0.0752160399349348 0.053189210426322055
0 0.7135894224858065 0.211172514501042 0.07156181937129387 0.06699404366674248
0 0.7306424517827957 0.20102190182426277 0.06668952528643894 0.06293379859603039
0 0.7886532032305894 0.19716466900708704 0.02253436014245034 0.03735425465054874
0 0.7941345340760502 0.18904417886566313 0.02314339690305669 0.029233764509123305
0 0.55798053015078 0.20650323266972273 0.08739677514706895 0.056843430989964326
0 0.5949795133576408 0.1931044239363741 0.06760308042734922 0.05927957803239133
0 0.6354804579379896 0.17848754168181188 0.0676030804273502 0.04385064676368673
0 0.6146209488872079 0.11068144900092616 0.031974429931855085 0.0300458135232668
0 0.6007653625834046 0.11575675533931587 0.024361470424271725 0.024767494931341623
0 0.5584373077212341 0.11941097590295653 0.04506872028489993 0.034512083101049924
0 0.5371210210999978 0.12408025773427493 0.05542234521521494 0.039790401692974965
0 0.5333145413462058 0.09850071378879095 0.0277111726076076 0.01948917633941627
0 0.5180886223310367 0.10174890984536045 0.03380154021367491 0.020301225353558536
0 0.4905297089135808 0.10946337547971276 0.04263257324247291 0.027609666480839554
0 0.5366642435295428 0.07393623111098506 0.029538282889427846 0.022331347888914523
0 0.5215905837045255 0.07535731688573419 0.02375243366366351 0.020301225353558636
0 0.510627922013604 0.07759045167462561 0.01827110281820266 0.021519298874772105
0 0.4801760839832659 0.07921454970291031 0.01644399253638225 0.020707249860629776
0 0.4690611631021925 0.08185370899887291 0.03258346669246172 0.021113274367700982
0 0.46023013007339414 0.1451935321019759 0.05633590035612592 0.03897835267883252
0 0.449571986762776 0.08571094181604905 0.03197442993185518 0.022331347888914485
0 0.41120267084454987 0.09241034618272344 0.035019613734888065 0.02842171549498213
0 0.37207205897556556 0.10682421618375015 0.02923376450912552 0.02639159295962599
0 0.3460357374596265 0.10926036322617716 0.028320209368215495 0.02801569098791074
0 0.44500421105822524 0.11981700041002762 0.04902745922884468 0.031263887044480174
0 0.39323608640665086 0.16407367168078552 0.055726863595518455 0.0410084752141888
0 0.35791195429145906 0.14478750759490475 0.04415516514398977 0.029233764509124283
0 0.3538009561573634 0.17706645590706294 0.040805462960652905 0.04669281831318466
0 0.31999941594368825 0.15960740210300256 0.04567775704550678 0.04019642620004595
0 0.2887862819625919 0.1752393456252427 0.044764201904596644 0.03816630366468991
0 0.32274008136641863 0.1234712209736682 0.031669911551551445 0.02882774000205316
0 0.2968560190406315 0.1301706253403425 0.03166991155155146 0.030857862537409048
0 0.21676768502084282 0.16447969618785652 0.029233764509123933 0.03694823014347668
0 0.2842185062580417 0.21827794337478706 0.05450879007430386 0.056031381975821554
0 0.1630201908972962 0.19614960773940834 0.028320209368214187 0.03532413211519136
0 0.19438558406854434 0.26375268816675856 0.04415516514398963 0.06496392113138671
0 0.18159581209580236 0.23005265407985143 0.03806479753792232 0.04303859774954341
0 0.1356135366699921 0.25360207548997943 0.047809385707630714 0.04791089183439752
0 0.10851140082299125 0.22842855605156664 0.02771117260760749 0.03654220563640482
0 0.10881591920329456 0.3163328618324754 0.04293709162277647 0.0604976515536044
0 0.0641011190538614 0.3037461021132687 0.03562865049549533 0.06293379859603174
0 0.42036068751022043 0.052433766590739575 0.020455229741511604 0.014668175949095188
0 0.4347137268666594 0.053465122712160314 0.013407629578469839 0.012605463706253683
0 0.44193321971660465 0.050027268974091134 0.013751414952276735 0.008480039220570657
0 0.45516895660817114 0.04670401036062424 0.017533054064153158 0.009625990466593747
0 0.47708527418836205 0.04452670299318043 0.021486585862932495 0.010771941712616771
0 0.46307602020573013 0.040515873632099714 0.015470341821311446 0.011001131961821396
0 0.4461445905457395 0.04108884925511124 0.015642234508214704 0.011230322211026015
0 0.43918293672614944 0.04097425413050895 0.011688702709435141 0.010542751463412213
