0 0.794318181818182 0.44636363636363635 0.1281818181818178 0.1472727272727273
0 0.7043181818181818 0.7009090909090909 0.20454545454545453 0.24181818181818188
0 0.3964772727272728 0.5909090909090909 0.183409090909091 0.26545454545454544
0 0.5260227272727271 0.433181818181818 0.15204545454545523 0.13363636363636355
0 0.2822727272727271 0.3172727272727273 0.07363636363636358 0.08545454545454538
0 0.29284090909090904 0.24863636363636352 0.06340909090909087 0.06272727272727274
0 0.4438636363636364 0.23863636363636365 0.07772727272727281 0.0681818181818182
0 0.6422727272727273 0.14909090909090908 0.07090909090909087 0.04181818181818184
0 0.16909090909090904 0.41090909090909095 0.07499999999999997 0.11090909090909105
0 0.15886363636363632 0.33818181818181814 0.05318181818181815 0.08181818181818176
0 0.09340909090909091 0.3809090909090909 0.05045454545454546 0.08545454545454546
0 0.048409090909090915 0.4945454545454545 0.0640909090909091 0.1163636363636364
0 0.023863636363636358 0.9190909090909077 0.047727272727272715 0.16181818181818175
0 0.15545454545454548 0.7231818181818181 0.12272727272727277 0.1463636363636364
0 0.4397727272727273 0.09045454545454545 0.024545454545454534 0.024545454545454534
0 0.17045454545454547 0.16590909090909092 0.021818181818181834 0.017272727272727283
0 0.6647727272727263 0.3181818181818181 0.11318181818181804 0.08727272727272753
0 0.9105681818181816 0.21454545454545457 0.04840909090909106 0.04000000000000008
0 0.2752584586466165 0.981203007518797 0.10361842105263165 0.03759398496240607
