0 0.17810942802303165 0.9573485183448145 0.11294744216094718 0.08530296331036519
0 0.3179115067816852 0.9152235981915467 0.1682363998621123 0.16955280361690644
0 0.05370927319541527 0.8026447474750052 0.10741854639083054 0.26875698736396664
0 0.15638876606900315 0.7535692171033865 0.10899823089657873 0.24432453688895084
0 0.3763598334943435 0.6277210181455026 0.15401923931038422 0.23905892186979094
0 0.5426813355860943 0.5234618407661666 0.15954813508050078 0.20746523175484127
0 0.7642320875171817 0.6482569167202199 0.15717860832188116 0.20219961673568296
0 0.802539436781559 0.5634805149117703 0.14375129002302697 0.18640277167820757
0 0.8467706029424881 0.51293061072785 0.12321539144831128 0.16112781958624786
0 0.6741900706895747 0.42868077042131647 0.12558491820692838 0.13795911350194978
0 0.5027943018159691 0.34127156110328594 0.11452712666669478 0.08319671730270177
0 0.478704113103321 0.2775576193714717 0.08846233232186107 0.06318738022990053
0 0.32389503154006477 0.34285124560903507 0.0695061182528915 0.09267482433718847
0 0.33969187659753963 0.2659732663293228 0.0521295886896663 0.05476239619924577
0 0.24846509639062173 0.3001997639538528 0.049760061931046595 0.07687797927971218
0 0.20067964009175898 0.39550739580061844 0.05686864220690998 0.08846233232186078
0 0.14177668439083893 0.4207823478925792 0.059238168965531496 0.10109980836784097
0 0.0884623323218604 0.44763698449028605 0.05686864220691004 0.0937279473410204
0 0.042888094463126566 0.47262526069045224 0.06527621924576499 0.1316313842641873
0 0.010519721283408414 0.5025480223545878 0.021039442566816828 0.10659984014341717
0 0.06878279300690104 0.381993815787242 0.05556570729184956 0.07264901535892229
0 0.018611814578337924 0.358688586000284 0.03722362915667585 0.07063498105484184
0 0.11956761943422035 0.27243953924938846 0.029845846453534258 0.04323348951293852
0 0.0641132997890735 0.24124264624857486 0.020634165449356975 0.024073193024249807
0 0.09414337986269126 0.20783494980675876 0.015107156846850656 0.017195137874464164
0 0.10464469620745331 0.1830248223021748 0.012527886165681039 0.01375611029957131
0 0.14536032624591666 0.1695143568293815 0.01805489476818737 0.01522997926023969
0 0.45118813558460064 0.16337323615993007 0.033530518855205145 0.03045995852047934
0 0.39278607801811694 0.11915716733987936 0.019160296488688573 0.014738689606683569
0 0.850218066872078 0.18818336366451405 0.022476501650192396 0.01916029648868861
0 0.9648113785640429 0.22429315320088872 0.018054894768187352 0.020634165449356985
0 0.5826376528488609 0.11114393223925884 0.02246293632454469 0.015529931286104595
0 0.6023967172084136 0.1103119716346461 0.019967054510706423 0.014420650479954205
0 0.5523750858560725 0.10171504538698102 0.018511123452633782 0.014420650479954309
0 0.5051613215442992 0.10240834589082501 0.024750827987229895 0.01802581309994277
