0 0.3316869833331145 0.8499299719539843 0.25985810119546543 0.30014005609202504
0 0.25314444204603814 0.6456241092106416 0.1634973463448666 0.18219027966287973
0 0.14177668439083832 0.40972455635234567 0.11610681117244064 0.11689665342531769
0 0.08569788443680215 0.2501764212718477 0.05607879995403644 0.052656150191583144
0 0.0758248562758805 0.1969937095783488 0.026854636597707673 0.02632807509579184
0 0.02172066195402824 0.23016708419904622 0.029224163356328894 0.03159369011495042
0 0.9691961521379203 0.8000119399654245 0.06160769572415159 0.2361101742451854
0 0.831368679011451 0.6666865692872738 0.12084586468968114 0.22642144582381213
0 0.7480403213332704 0.5834898519845717 0.12163570694255538 0.21378396977783168
0 0.5809886848504701 0.4629072680458453 0.13348334073566034 0.16428718859774288
0 0.44553073848262215 0.3449574916166982 0.10583886188508082 0.13690599049811858
0 0.7551489016091314 0.3017794484595994 0.060028011218398 0.07793110228354538
0 0.611002690459674 0.22806083819138248 0.07029596050576258 0.06108113422223785
0 0.5355727553102319 0.19383434056685375 0.07266548726438543 0.06845299524905878
0 0.370436016597791 0.28914197241362016 0.10741854639083065 0.08635608631419721
0 0.25906825894259167 0.2401717527354474 0.08688264781611306 0.06634674924139543
0 0.2906619490575418 0.13696569835994338 0.0505499041839203 0.053709273195415366
0 0.8855010890059293 0.20000718696823166 0.043241610003079814 0.040196426200046105
0 0.8562673244968048 0.17097643471264307 0.0371512423970127 0.03573015662226283
0 0.8331239275937474 0.154735454429796 0.03410605859397956 0.025173519438412555
0 0.8166799350573655 0.1421085774749104 0.02740665422730402 0.022737372395985656
0 0.7729815474838305 0.12566458493852795 0.024056952043967062 0.023143396903056748
0 0.7367438602277285 0.12241638888195851 0.024665988804573834 0.023955445917199225
0 0.715427573606492 0.14758990832037128 0.03867383429852899 0.03288798507276505
0 0.7186250165996774 0.11409288648699949 0.018880139578809435 0.021925323381843338
0 0.7000493954011711 0.10840854338800306 0.020707249860629842 0.021113274367700968
0 0.7065965405776937 0.09805491845768817 0.022838878522753417 0.018271102818202767
0 0.6823873293435753 0.11084469043043012 0.031060874790944836 0.02436147042427036
0 0.6394502377207987 0.09135551409101382 0.021925323381843213 0.020301225353558633
0 0.6759924433572041 0.09906997972536612 0.01705302929698931 0.02030122535355865
0 0.6114345467328879 0.08262598718898362 0.024970507184877064 0.02151929887477216
0 0.4415132905236021 0.0667910314132079 0.026188580706090647 0.015834955775775733
0 0.4495830276016417 0.0592795780323912 0.023447915283360245 0.014616882254562213
