0 0.07158119658119651 0.5014245014245012 0.08974358974358962 0.22222222222222157
0 0.2361111111111111 0.351139601139601 0.10470085470085458 0.1695156695156693
0 0.3824786324786325 0.24430199430199429 0.11965811965811968 0.11253561253561248
0 0.4433760683760684 0.21153846153846154 0.10683760683760689 0.08974358974358974
0 0.5090811965811965 0.17521367521367526 0.12713675213675227 0.1168091168091169
0 0.5865384615384616 0.14957264957264957 0.10897435897435898 0.07977207977207976
0 0.6891025641025642 0.1096866096866097 0.07478632478632496 0.06837606837606838
0 0.6116452991452992 0.017094017094017096 0.04807692307692309 0.03133903133903134
0 0.4898504273504271 0.7856125356125356 0.2190170940170937 0.30911680911680944
0 0.23985042735042733 0.9650997150997148 0.13568376068376062 0.06980056980056927
0 0.9871794871794871 0.3190883190883191 0.025641025641025692 0.059829059829059866
0 0.9866452991452991 0.17877492877492876 0.02457264957264968 0.03561253561253561
0 0.7767094017094017 0.039886039886039885 0.02136752136752136 0.02849002849002849
0 0.655448717948718 0.013532763532763533 0.030982905982906032 0.027065527065527065
