0 0.11805555555555554 0.4814814814814815 0.10149572649572651 0.14814814814814828
0 0.9780982905982907 0.905982905982906 0.04380341880341874 0.18233618233618246
0 0.9492521367521364 0.7856125356125357 0.10149572649572568 0.2179487179487179
0 0.8707264957264953 0.6823361823361824 0.13034188034187924 0.20512820512820526
0 0.9316239316239314 0.2927350427350428 0.025641025641025498 0.03846153846153852
0 0.8798076923076923 0.25498575498575504 0.02670940170940168 0.034188034188034226
0 0.7879273504273502 0.5954415954415954 0.14423076923076883 0.18803418803418837
0 0.7286324786324786 0.473646723646724 0.20512820512820504 0.22364672364672333
0 0.6100427350427353 0.36467236467236464 0.1517094017094021 0.1310541310541311
0 0.563034188034188 0.32407407407407407 0.12393162393162385 0.09259259259259264
0 0.49893162393162377 0.26353276353276345 0.10683760683760654 0.07977207977207987
0 0.35790598290598274 0.7834757834757835 0.23931623931623908 0.22222222222222246
0 0.31623931623931634 0.6246438746438745 0.2222222222222224 0.20655270655270683
0 0.3183760683760684 0.5 0.19444444444444456 0.15954415954415957
0 0.2719017094017094 0.37962962962962954 0.12927350427350434 0.10968660968660984
0 0.26869658119658124 0.3283475783475782 0.11645299145299152 0.08689458689458666
0 0.09775641025641027 0.2770655270655273 0.03311965811965811 0.041310541310541765
0 0.12232905982905985 0.23361823361823364 0.02670940170940173 0.03418803418803425
0 0.7686965811965814 0.22720797720797722 0.03525641025641083 0.03846153846153849
0 0.036453612301830716 0.2768003103596635 0.028421460438715497 0.03954290147995174
0 0.07743818206490592 0.2578526700671866 0.028009555214966033 0.03569845272495663
0 0.16805733128979575 0.21391611286724008 0.022242882082472888 0.028009555214965988
0 0.191741881655392 0.2034811805322527 0.01935954551622647 0.02691114128496732
0 0.21480857418536395 0.19249704123226605 0.022654787306222453 0.03460003879495794
0 0.25970624357405936 0.1815129019322794 0.022654787306222487 0.02800955521496597
0 0.597468527048649 0.11505885916736021 0.025126218648719487 0.01702541591497931
0 0.6061185367473884 0.09144295967238886 0.010297630593737566 0.013730174124983296
0 0.545568468856212 0.0999556676298785 0.022654787306222723 0.017574622879978668
0 0.516117245358123 0.09199216663738818 0.02553812387246931 0.01592700198498067
0 0.5589800669742836 0.1290650550898421 0.030370905383050487 0.017210179717062353
0 0.541679497657867 0.12429248424393408 0.030696307940726544 0.017210179717062228
0 0.4955265682275526 0.10874547315499133 0.025164464460243202 0.014173089178757058
0 0.48359514111278346 0.10708230452687192 0.019090283383629357 0.011135998640452166
0 0.4815884920071163 0.10245435703993076 0.026791477248619983 0.014606959255657834
0 0.47019940248847214 0.10165892856561275 0.020934231210460154 0.013016102307021828
0 0.4581052740948647 0.09854952634782423 0.024079789267991245 0.014317712537723954
0 0.44942787255685174 0.09638017596332052 0.019090283383635918 0.012003738794253432
0 0.44731275593195874 0.09406620221985 0.01811407571060549 0.010268258486650588
0 0.49107939993931965 0.08791970946375635 0.015836257806876544 0.0092558949738822
0 0.5010041779484238 0.08914900801497509 0.02158503632581116 0.012003738794253491
0 0.3697042459263409 0.07873612616935759 0.01301610230702181 0.009400518332849116
0 0.3640639349266314 0.07916999624625831 0.009762076730266429 0.007375791307312376
0 0.36146071446522704 0.07765145097710578 0.014100777499273676 0.009545141691816026
0 0.35039702750425844 0.07454204875931722 0.010412881845617505 0.006797297871444758
0 0.36232845461902846 0.06535846546491847 0.004772570845908035 0.005784934358676388
0 0.012286324786324788 0.4031339031339031 0.024572649572649576 0.07407407407407404
