0 0.6625766822281041 0.7153374237723301 0.19141103316786595 0.2871165634982859
0 0.5296012088367277 0.5773006125320951 0.23650310379893544 0.2638036829112696
0 0.41503068602024806 0.49325153314505066 0.19693249299017726 0.19141104413934515
0 0.3000000111736227 0.3466257668252212 0.1674846402294418 0.15828220868084672
0 0.1791711968829565 0.24123579396919415 0.10869610296634717 0.08988125704649201
0 0.15401304018622522 0.22833417773140094 0.07579699359950352 0.06751845670991237
0 0.14030507325865543 0.22854920466359815 0.09676211948872789 0.06192775647278584
0 0.1267621022388857 0.2055154847420547 0.08816647986819665 0.06400049126304448
0 0.11463765684093198 0.18064482751548297 0.07038395995119787 0.05040453197918527
0 0.10220232822764613 0.17906968589113345 0.0795861031250294 0.04957551007163291
0 0.09293800841074817 0.16464470469972184 0.05384497289552768 0.033989898209648005
0 0.08511982718900032 0.1586757468784253 0.05260144569631678 0.03896402982880107
0 0.07548245157155473 0.14947360378530486 0.04501589467600046 0.03183444031873353
0 0.05944087199829843 0.1397740477401167 0.050984849768056305 0.03597955025384057
0 0.06634247815187998 0.09608459294513923 0.017285106772467324 0.019896525781257352
