0 0.07225913621262459 0.9235880398671097 0.14451827242524917 0.1528239202657808
0 0.04858803986710963 0.8131229235880401 0.09717607973421925 0.15448504983388675
0 0.41536503322258833 0.3418565891472848 0.10763870431893957 0.1116068660022119
0 0.47005315614617466 0.3712707641195985 0.1023970099667846 0.11660132890364987
0 0.6067275747508257 0.4332214839424106 0.11710132890365445 0.14614617940199115
0 0.6534468438538188 0.2142857142857133 0.043096345514949654 0.04651162790697656
0 0.8025755813953467 0.18256035437430718 0.021925249169438138 0.02822812846068601
0 0.677242940199334 0.33505370985603433 0.0717466777408643 0.10199003322259143
0 0.7872504152823889 0.5232558139534862 0.0884593023255817 0.16343521594684263
0 0.944352159468433 0.6224346622369855 0.08222591362126225 0.19299114064230097
0 0.9343853820597979 0.47143023255813693 0.06976744186046135 0.11361794019933472
0 0.864992940199335 0.29451439645625643 0.041608803986710345 0.07740088593577031
0 0.9454709302325568 0.345514950166112 0.04261295681062874 0.06644518272425205
0 0.9308916112956765 0.3018228128460668 0.03786295681063369 0.047495016611295855
0 0.9820199335548133 0.3732569213731988 0.03596013289036317 0.07408416389811655
0 0.9678920265780608 0.32043687707640744 0.03715448504983014 0.04351162790697485
0 0.9908762458471689 0.6619629014396375 0.018247508305641303 0.1644130675526007
0 0.981507475083052 0.5114612403100719 0.03698504983388796 0.12655703211517028
0 0.7423749999999927 0.12483333333333264 0.014249999999996012 0.016333333333333373
0 0.8563749999999967 0.2624999999999988 0.03224999999999351 0.036999999999997576
0 0.9923749999999988 0.33616666666666617 0.015250000000002595 0.03700000000000074
