0 0.19764957264957264 0.5064102564102562 0.16025641025641024 0.20655270655270627
0 0.3482905982905981 0.3710826210826211 0.149572649572649 0.1638176638176636
0 0.5 0.25641025641025644 0.11752136752136749 0.10826210826210826
0 0.5833333333333333 0.18376068376068375 0.10256410256410256 0.11965811965811964
0 0.8990384615384616 0.18091168091168094 0.037393162393162385 0.054131054131054145
0 0.8087606837606836 0.388888888888889 0.14957264957264935 0.11111111111111144
0 0.7628205128205131 0.49145299145299143 0.1816239316239322 0.12820512820512794
0 0.670405982905983 0.6260683760683761 0.2617521367521369 0.1780626780626779
0 0.4017094017094017 0.9544159544159544 0.2692307692307692 0.09116809116809123
0 0.9150641025641026 0.06054131054131054 0.024572649572649537 0.024216524216524232
