0 0.009081196581196584 0.5762108262108261 0.018162393162393167 0.0811965811965814
0 0.04487179487179487 0.5698005698005698 0.08974358974358974 0.14245014245014243
0 0.5721153846153847 0.37250712250712253 0.09508547008547005 0.08119658119658119
0 0.6073717948717948 0.36609686609686604 0.0651709401709401 0.06837606837606834
0 0.6367521367521367 0.3596866096866097 0.053418803418803264 0.0555555555555555
0 0.782051282051282 0.37749287749287747 0.05769230769230774 0.05982905982905983
0 0.7345085470085471 0.41168091168091164 0.05021367521367509 0.07692307692307693
0 0.8595085470085471 0.41951566951566954 0.07371794871794876 0.06695156695156697
0 0.5822649572649569 0.7905982905982902 0.20512820512820423 0.2564102564102559
0 0.6634615384615381 0.7101139601139601 0.17307692307692263 0.1980056980056979
0 0.7601495726495727 0.5876068376068375 0.1463675213675215 0.13817663817663814
0 0.7756410256410257 0.5363247863247864 0.10683760683760696 0.11823361823361829
0 0.7900641025641026 0.5035612535612536 0.10576923076923066 0.10113960113960112
0 0.8237179487179488 0.4878917378917379 0.08974358974358979 0.0925925925925926
0 0.9891406804647859 0.3874125721751372 0.012731616006802513 0.01647620894998003
0 0.9318715511746631 0.3565015839746228 0.02457873985642621 0.024181025619267302
0 0.9348544079533556 0.357615183838668 0.020522054637404495 0.020044797552813663
0 0.9379565790031958 0.35658112682205456 0.023862854229540032 0.024021939924403667
0 0.9423712070356607 0.3501381561800788 0.016465369418382777 0.013045026978815244
0 0.9459506351700918 0.3479109564519884 0.016703997960678122 0.015908569486360023
0 0.9780461741088224 0.3613536976679622 0.01551085524920216 0.016067655181224248
0 0.9843101733440756 0.3787735812555265 0.011334855759028001 0.012726855589088764
0 0.9920059438331019 0.37511461027366416 0.009067884607221861 0.010181484471270623
0 0.9861595445468656 0.3729669533930056 0.007874741895746634 0.007795199048316414
