0 0.653530390061092 0.7389823018353735 0.2557101481197745 0.2121926686225952
0 0.3061098512654491 0.4886668825788842 0.1100524688110421 0.2596662826195163
0 0.2195244530097031 0.40486876090250307 0.0965656466528257 0.2229821263491688
0 0.3136624716740502 0.29661453504589036 0.06905252945006567 0.13882435608190216
0 0.5038676758309455 0.14673662508138882 0.06905252945006503 0.09494722799383978
0 0.7822725020312988 0.24405383536005354 0.07511710417681142 0.06761112351536054
0 0.7882887460729201 0.21425910296345563 0.07339817730777692 0.06486084052490323
0 0.7892341558508887 0.16750429212571227 0.06875707476138383 0.052484567067856265
0 0.6571729880552221 0.09636963269012132 0.05741105381858636 0.061520229449773
0 0.6761926009767147 0.08932533160808624 0.04684460219553618 0.048997027526155056
0 0.6827672819866168 0.07633250961233268 0.05858510399892476 0.039291546035351226
0 0.7133512891844531 0.06920993851827509 0.035925935518378346 0.03475188533803978
0 0.6565272604560358 0.04784222523610187 0.03287340504949728 0.02895990444836641
0 0.6756055758865481 0.04893800540441852 0.03463448032000536 0.03146454483308998
0 0.7107683787877067 0.0608350472318555 0.04297023660041349 0.03334302512163267
0 0.7263036824549866 0.06209448287985527 0.02124933797473608 0.02328694572573566
0 0.7258670522226289 0.05711366393296201 0.029884913681363427 0.024968780694817047
0 0.728001688914154 0.05019226617559054 0.030467087324507366 0.02199322651875077
0 0.7314947307730121 0.04702265411847662 0.028720566395074275 0.020828879232463772
0 0.7389174447230945 0.043270868418219234 0.030370058383980592 0.026779987584596165
0 0.7109731098522115 0.031303965753605015 0.026488900763024504 0.018888300421985697
0 0.7924774198922848 0.13978232125932416 0.055791640801240355 0.04437456879959639
0 0.7930595935354191 0.1269745011101688 0.05249265682343041 0.037388485081876706
0 0.7929140501246397 0.1184359543440659 0.05161939635871413 0.039458435813052736
0 0.8006278508962932 0.11229078811088562 0.037744257863796864 0.03182549249183895
0 0.7992209312586896 0.10524001843281493 0.03842346044747968 0.02988491368136331
0 0.7990268733776489 0.09857736451684157 0.03628882375594025 0.02820307871228034
0 0.7994635036100038 0.0917853386801681 0.03890860515008685 0.03169612057114027
0 0.7977654971508383 0.08234118846917576 0.040558097138992145 0.03247235209533193
0 0.80198625606363 0.07729568356193262 0.028817595335596347 0.02548626837761079
0 0.7982506418534605 0.06933931043897328 0.029496797919262276 0.02380443340853035
0 0.8023258573554644 0.06610501242150986 0.02561564029830782 0.023286945725735732
0 0.6479825923037187 0.011270099031135896 0.030542915441523363 0.019130756338566816
0 0.2757852041325916 0.039019166393512494 0.02855407443602945 0.03674620524437583
0 0.17541976339102683 0.005871816301936346 0.019604289911303953 0.011743632603872688
0 0.16824572976406418 0.0043565088691785775 0.012359226248430461 0.008713017738357155
0 0.15936697527524893 0.005492989443746907 0.009091844596546448 0.01098597888749381
0 0.13962062529212432 0.013921887038461993 0.012217166176609506 0.013827180323914634
0 0.1259828583973045 0.017994275763998462 0.011364805745683191 0.010985978887493806
0 0.10964595013788482 0.03030614865515535 0.014490127325746206 0.014774247469388236
0 0.08386204710236587 0.01950958319675626 0.00980214495565183 0.008713017738357167
0 0.09565303306351229 0.05028926542464836 0.01690514854670374 0.01420600718210408
0 0.07881891455271907 0.0563504951556795 0.010796565458398884 0.014206007182104014
0 0.06730767788571444 0.04387140245467677 0.01084452086252292 0.014021198690938852
0 0.06577410927889327 0.07242498937216138 0.02092225742163488 0.017672552516704087
0 0.050520578671758604 0.07589377550663849 0.018895756048335575 0.019644283582617193
0 0.04211333648793396 0.07629542442747267 0.021031798036408242 0.021177852189438642
0 0.025659889010565734 0.08158988747483235 0.017471728056287092 0.01774557959321928
0 0.02341430640772004 0.07936256164111555 0.010899291169909502 0.011684332242448865
0 0.020347169194077207 0.0781211013403553 0.013856887768779438 0.01577384852730606
0 0.0199637770423718 0.11503628851884257 0.02897349260744769 0.02490223309171926
