0 0.5162545824549645 0.0064755639931309995 0.04802709961572117 0.012951127986261999
0 0.4617519188461115 0.003117864144840854 0.026082132750110964 0.006235728289681708
0 0.4317124969890876 0.006235728289681706 0.037594246515676805 0.012471456579363408
0 0.3839552125397493 0.01019301739659509 0.044609440841565776 0.02038603479319018
0 0.38908170070097675 0.02806077730356765 0.048027099615719784 0.03789404114498876
0 0.2875412597531307 0.007554824658652834 0.0197864455345641 0.015109649317305667
0 0.3064283213997612 0.009593428137971859 0.02662176308287133 0.019186856275943718
0 0.3302619944300353 0.00575605688278311 0.02572237919493617 0.01151211376556622
0 0.35292646840599323 0.020026281238016277 0.03903326073637309 0.03045913433806066
0 0.32288704654897005 0.028540448710466296 0.03903326073637095 0.03789404114498881
0 0.294736330856608 0.040891987438105064 0.038493630403611666 0.029979462931161997
0 0.26568623127631197 0.010672688803493688 0.028240654081154216 0.020386034793190188
0 0.24347144924432113 0.021225459755262716 0.021585213310435846 0.02566242026907468
0 0.25642257723058287 0.026381927379422618 0.025902255972523533 0.022544556124233842
0 0.22107679043474288 0.03321724492772757 0.020685829422501203 0.02566242026907471
0 0.22998069092529805 0.03885338395878604 0.02590225597252348 0.024463241751828183
0 0.20410836936767676 0.046071699844943276 0.021352765483653013 0.0167578665821071
0 0.21140614997601337 0.06526215996316276 0.05081417608767962 0.034957270074502986
0 0.1597811093762963 0.06147812557365472 0.020812189142294376 0.02738920129548688
0 0.16478144053386048 0.07391138142489548 0.025677376214518977 0.02666843284034251
0 0.13768505142327597 0.0769746473592591 0.022028485910350528 0.02126266942675957
0 0.11200767520875696 0.09175040068971922 0.02094733322763387 0.020902285199187257
0 0.13727961916725712 0.09292164942932897 0.02256906225170905 0.031533619912567055
0 0.11227796337943614 0.10751721064600256 0.02067704505695479 0.025767472271412004
0 0.08660058716491723 0.12778882344693854 0.025001655787821108 0.036759191212364
0 0.061531359334426376 0.14337544128943588 0.025677376214518915 0.03621861487100589
0 0.011825107467212676 0.16589945551269852 0.023650214934425352 0.03946207291915563
0 0.019258032160889216 0.21743440005552234 0.032840012737516355 0.05892282120805406
0 0.04284067505264476 0.23112900070326578 0.04054322560187201 0.06324743193892056
0 0.05378734596515022 0.18472953140334497 0.03162371596946017 0.047931102267102246
0 0.10379065754079245 0.14463678608593888 0.038110632065759736 0.05495859470475986
0 0.11176415857582736 0.17418829274685868 0.03459688584693099 0.051354752429038045
0 0.14223914981990105 0.12643738259354284 0.03338058907887478 0.04414706787759399
0 0.17440344213071943 0.09949866158252131 0.03256972456683736 0.040363033488085905
0 0.18514739691521548 0.1237345008867515 0.03567803852964752 0.04414706787759397
0 0.22724477949849287 0.07237974845771357 0.032569724566837 0.044147067877594016
0 0.24650281165938207 0.08886732686914152 0.03919178474847629 0.045408412674096746
0 0.2592739277239717 0.05201803959988455 0.028785690177329085 0.038020536008866665
0 0.28339714695708546 0.06652350475966547 0.046759853527492706 0.04901225494981862
0 0.6695037987722465 0.034146405562465565 0.05135475242903783 0.02504670381626763
0 0.709844308246109 0.06459887279231605 0.05148989651437714 0.04630937324302714
0 0.6849777965436278 0.06739185055600061 0.07149122114463442 0.04540841267409666
0 0.5999045948223674 0.03892149657779716 0.06324743193892124 0.04144418617080249
0 0.5509148638867714 0.04928254312049777 0.06311228785358096 0.04522822056031054
0 0.5161828339545009 0.059012917264947014 0.06797747492580558 0.048832062836032454
0 0.5893633561658798 0.0914474977464447 0.07946472217966913 0.06072474234591498
0 0.5546313262336098 0.10388075359768553 0.07405895876608598 0.056400131615048706
0 0.4704365610670554 0.13973898424111894 0.09487114790838035 0.06468896884920916
0 0.3584021143205488 0.19127392878394298 0.08757336730004361 0.08234779600024676
0 0.3137369941158199 0.13964888818422597 0.06662603407240981 0.07495991933501689
0 0.22562305047441797 0.18776018256511404 0.05878767712271453 0.0785637616107386
0 0.06689632224308886 0.30957005148451616 0.05054388791700047 0.10991718940951964
0 0.02270420633704834 0.35398740753278823 0.04540841267409668 0.0985650862409959
0 0.2397900901374945 0.8116818256251797 0.16541461262653204 0.2838910616701503
0 0.6176988589842629 0.8227094664669486 0.2163114165116187 0.2991601028356774
0 0.8742648327563508 0.1655453587566749 0.06594822296671267 0.059201045039424735
0 0.860444000550455 0.1728003887860165 0.0670364774711157 0.05804024023473024
0 0.92469278829544 0.24680169508529762 0.05920104503942437 0.07603271470749529
0 0.9084777961798661 0.3073086455300049 0.09467814188290449 0.11520987686594285
0 0.7881168479930932 0.23011512601781242 0.0933722364776236 0.1076646456354246
0 0.7587339763742612 0.23272693682837542 0.0798778806230494 0.08967217116265819
