0 0.2832553475935829 0.20387700534759362 0.0852272727272727 0.08422459893048131
0 0.37184873949579833 0.26750700280112044 0.09663865546218489 0.1624649859943977
0 0.5215336134453782 0.35714285714285715 0.1565126050420168 0.18207282913165268
0 0.7463235294117646 0.5623249299719888 0.17121848739495804 0.24509803921568632
0 0.9269957983193277 0.7051820728291317 0.1102941176470587 0.19467787114845947
0 0.7699579831932774 0.9117647058823529 0.2037815126050421 0.1764705882352942
0 0.30304621848739494 0.5259103641456582 0.18592436974789917 0.21428571428571425
0 0.14338235294117646 0.288515406162465 0.08928571428571427 0.09803921568627452
0 0.08981092436974789 0.21288515406162467 0.05777310924369747 0.0700280112044818
0 0.06827731092436974 0.18487394957983191 0.03781512605042016 0.0392156862745098
0 0.05567226890756302 0.16176470588235298 0.037815126050420166 0.032212885154061614
0 0.10661764705882354 0.11764705882352942 0.03466386554621849 0.0392156862745098
0 0.08193277310924368 0.11064425770308123 0.023109243697479 0.022408963585434163
0 0.06827731092436974 0.10364145658263306 0.021008403361344533 0.022408963585434163
0 0.04044117647058823 0.13935574229691877 0.022058823529411763 0.015406162464985993
0 0.03571428571428571 0.12464985994397759 0.014705882352941173 0.011204481792717118
0 0.029936974789915968 0.11554621848739495 0.01365546218487395 0.012605042016806713
0 0.051995798319327734 0.09593837535014005 0.013655462184873946 0.012605042016806713
0 0.04306722689075631 0.09173669467787114 0.012605042016806723 0.012605042016806732
0 0.01854607290200618 0.09740720028531942 0.0061282675676194364 0.0038704847795491128
0 0.021610206685815897 0.10256784665805156 0.009676211948872786 0.003010377050760411
0 0.02548069146536501 0.1079435199629809 0.010966373542055829 0.004300538643943472
0 0.03289912062616748 0.08579574594667207 0.00774096955909823 0.005590700237126516
