0 0.2045454545454545 0.9619450317124736 0.14904862579281178 0.0761099365750529
0 0.06659619450317124 0.9175475687103594 0.13319238900634248 0.16490486257928125
0 0.685782241014799 0.5739957716701902 0.09672304439746299 0.2304439746300212
0 0.9764799154334036 0.7177589852008456 0.047040169133192505 0.20507399577167
0 0.9267970401691332 0.6902748414376322 0.07452431289640586 0.2135306553911205
0 0.8609936575052853 0.6712473572938689 0.08562367864693442 0.22198731501057076
0 0.7880549682875264 0.6109936575052853 0.08562367864693457 0.21141649048625794
0 0.38927061310782235 0.4376321353065539 0.1379492600422833 0.16067653276955604
0 0.3147463002114164 0.4006342494714587 0.13794926004228325 0.16701902748414377
0 0.25211416490486255 0.37526427061310774 0.1300211416490486 0.15433403805496823
0 0.20930232558139533 0.3403805496828752 0.10465116279069767 0.1310782241014799
0 0.1688689217758985 0.3255813953488371 0.09989429175475685 0.11416490486257924
0 0.9828222286435221 0.48253372320995097 0.03435554271295601 0.05478922808978609
0 0.9661496858563521 0.4187626521748692 0.05557514262389944 0.06197470450180297
0 0.99317941431434 0.37407799033179584 0.013641171371320695 0.021107323469241168
0 0.9952003285915714 0.3911434903860196 0.009599342816853837 0.01616731421786158
