0 0.17094017094017097 0.410968660968661 0.10897435897435905 0.1752136752136754
0 0.26175213675213677 0.3205128205128205 0.11752136752136753 0.1367521367521368
0 0.3327991452991453 0.25142450142450146 0.1378205128205128 0.14957264957264957
0 0.4022435897435897 0.20655270655270655 0.11858974358974354 0.1225071225071225
0 0.45726495726495736 0.16809116809116809 0.12606837606837626 0.11680911680911675
0 0.5096153846153847 0.1481481481481481 0.13034188034188046 0.10256410256410252
0 0.5929487179487178 0.10256410256410256 0.09615384615384617 0.07122507122507118
0 0.594551282051282 0.7350427350427357 0.25106837606837606 0.30484330484330596
0 0.6805555555555552 0.6068376068376068 0.2029914529914525 0.2393162393162392
0 0.928418803418804 0.8696581196581192 0.1410256410256416 0.2264957264957256
0 0.7345085470085462 0.4843304843304844 0.18910256410256288 0.23931623931623952
0 0.7681623931623931 0.4095441595441595 0.16880341880341856 0.17236467236467237
0 0.6602564102564102 0.20584045584045582 0.09401709401709396 0.1267806267806268
0 0.6655982905982907 0.11467236467236468 0.09188034188034194 0.0754985754985755
0 0.7916666666666662 0.35042735042735046 0.14102564102564008 0.16239316239316237
0 0.8157051282051284 0.3005698005698005 0.11645299145299186 0.1452991452991452
0 0.7412463147088282 0.11441030279680106 0.05148463625856047 0.06226921398120984
0 0.6606433185991147 0.06245677185464709 0.08327569580619615 0.06639548719683201
0 0.6852602894877706 0.05701759352496301 0.06442612952573927 0.06001851949996095
0 0.7124092916678315 0.04557656324528301 0.07314757064057782 0.06714571869058154
0 0.7368855941514092 0.051015741574966994 0.039949827042161955 0.049515278587467994
0 0.7392473540802892 0.0437923146535776 0.05832558830784241 0.05332075234743297
0 0.7475486444953896 0.03917246607473857 0.04027930479675415 0.042541105663475236
0 0.7567161565190232 0.038691231847776245 0.04533226417985929 0.04196362459112048
0 0.7701425914512732 0.03917246607473859 0.0352263454136507 0.03291642112422746
0 0.7723803306066501 0.03513009856825456 0.04836403980972045 0.035996320176786875
0 0.7897769479113407 0.033975136423544834 0.026275388792146543 0.031376471597947916
0 0.7935305748816471 0.03147271844334039 0.036958788630711864 0.03753626970306652
0 0.8020484206988813 0.031183977907162957 0.02945153469009902 0.033108914815012526
0 0.8092669341033175 0.028970300463135965 0.02165554021330749 0.0279115851638187
0 0.8172072988481969 0.030317756298630653 0.02281050235801755 0.02791158516381869
0 0.8203834447461485 0.026564129328324006 0.02136679967713022 0.023869217657334615
0 0.81742385425033 0.06698780439316489 0.033638272464671104 0.03272392743344263
0 0.8565481969023694 0.1832539936272783 0.07579439074658248 0.07738246369555195
0 0.8728620371963974 0.18556391791669807 0.05587129375033364 0.06198296843275597
0 0.8599408982024563 0.15418744631875014 0.04793092900545223 0.036573801249141606
0 0.8669428562047585 0.14889386982216368 0.06337854769094364 0.05909556307098127
0 0.8759659979603045 0.14302281225322264 0.042733599354260264 0.05543818294606734
0 0.8740891844751516 0.13676676730271162 0.06785402600169718 0.06179047474197104
0 0.8790699587242123 0.1218485062668775 0.05529381267797873 0.036188813867571806
0 0.8759659979603049 0.11491873339861904 0.055149442409889955 0.03272392743344261
0 0.8725011115261756 0.10433158040544643 0.0464872263245671 0.029644028380883293
0 0.8813798830136318 0.10808520737575308 0.04720907766501057 0.041386143518765656
0 0.8904752099032212 0.06092425313343874 0.009961548498121572 0.012512089901022181
0 0.9871318079464679 0.15615563973996177 0.010748145086857699 0.010386586689441478
0 0.9932947351751706 0.16161188464644063 0.013410529649658741 0.011306917155594686
0 0.9947738377100594 0.16943469360874153 0.010452324579881161 0.012490199183505725
0 0.9963022436627779 0.1763371721048895 0.0073955126744440994 0.009992159346804629
