0 0.8904914529914529 0.2806267806267806 0.08440170940170943 0.09686609686609686
0 0.9289529914529915 0.254985754985755 0.06730769230769226 0.0826210826210826
0 0.7521367521367521 0.36894586894586895 0.13888888888888887 0.19943019943019943
0 0.6330128205128206 0.4337606837606838 0.1570512820512821 0.18945868945868938
0 0.5641025641025641 0.4893162393162393 0.1559829059829061 0.18091168091168094
0 0.45833333333333326 0.5327635327635327 0.13675213675213677 0.2136752136752137
0 0.3782051282051282 0.6139601139601141 0.1581196581196581 0.25641025641025644
0 0.28044871794871795 0.6495726495726495 0.12286324786324787 0.23076923076923067
0 0.17895299145299146 0.698005698005698 0.12286324786324788 0.24786324786324784
0 0.7761752136752136 0.1502849002849003 0.05235042735042739 0.0527065527065527
0 0.7115384615384615 0.15598290598290598 0.03205128205128204 0.03846153846153843
0 0.6853632478632479 0.15954415954415954 0.03525641025641022 0.05413105413105411
0 0.6522435897435898 0.16666666666666669 0.037393162393162385 0.048433048433048444
0 0.5763888888888888 0.18162393162393162 0.03739316239316246 0.05840455840455844
0 0.5293803418803421 0.1915954415954416 0.03739316239316191 0.0584045584045584
0 0.4780982905982906 0.19943019943019938 0.04380341880341869 0.06267806267806274
0 0.4193376068376068 0.2222222222222222 0.048076923076923066 0.05128205128205128
0 0.3584401709401709 0.24857549857549854 0.048076923076923066 0.07264957264957264
0 0.3108974358974359 0.25854700854700857 0.053418803418803444 0.08119658119658119
0 0.2516025641025641 0.29273504273504275 0.08440170940170946 0.07834757834757827
0 0.03792735042735043 0.42022792022792027 0.05876068376068377 0.10541310541310538
