0 0.563340909090906 0.48692424242423654 0.06931818181818057 0.12112121212121126
0 0.26634090909090813 0.49304545454545257 0.08463636363636316 0.1260909090909099
0 0.207056818181817 0.493393939393938 0.08097727272727194 0.09018181818181822
0 0.9084204545454502 0.3678787878787868 0.05079545454545447 0.038060606060605816
0 0.7257954545454547 0.34545454545454546 0.06340909090909079 0.05454545454545457
0 0.5659999999999983 0.3378181818181803 0.040090909090906714 0.04266666666666459
0 0.5236704545454527 0.3414999999999987 0.03624999999999785 0.04639393939393752
0 0.47931818181818187 0.34090909090909094 0.03409090909090907 0.047272727272727265
0 0.43593181818181487 0.30459090909090575 0.03231818181818026 0.045969696969697944
0 0.5120795454545447 0.3047878787878783 0.029931818181816765 0.03503030303030386
0 0.554897727272724 0.3052272727272704 0.03179545454545261 0.04033333333333269
0 0.619931818181817 0.3049242424242419 0.03759090909090857 0.04154545454545434
0 0.7167272727272704 0.31053030303030194 0.04309090909091016 0.03572727272727327
0 0.7475568181818175 0.31651515151515086 0.039204545454544944 0.042787878787878354
0 0.3734318181818175 0.31545454545454343 0.039954545454544126 0.036363636363636175
0 0.3083636363636337 0.3526363636363598 0.04659090909091007 0.04539393939394067
0 0.26021590909090836 0.3624696969696967 0.052295454545453014 0.04493939393939448
0 0.20002272727272669 0.3673333333333328 0.04722727272727159 0.04012121212121318
0 0.16757954545454498 0.35124242424242397 0.03984090909090926 0.04145454545454497
0 0.0839772727272722 0.35239393939393693 0.030954545454545145 0.025090909090908376
0 0.02113636363636357 0.32934848484848245 0.01700000000000011 0.01809090909090965
0 0.236795454545454 0.3319393939393935 0.040499999999998954 0.04387878787878872
0 0.29653409090908883 0.32725757575757336 0.04897727272727349 0.040090909090909184
0 0.2633522727272715 0.32883333333333264 0.04329545454545257 0.037666666666668215
0 0.95375 0.34416666666666673 0.02200000000000003 0.02233333333333327
0 0.925375 0.3125 0.015250000000000057 0.014999999999999965
0 0.9372499999999999 0.31916666666666665 0.014499999999999886 0.01766666666666669
0 0.8273749999999991 0.253833333333333 0.018249999999997865 0.014333333333332867
0 0.004749999999999993 0.4836666666666656 0.009499999999999986 0.029333333333334072
0 0.021749999999999967 0.335166666666666 0.014000000000000035 0.019000000000000853
0 0.028749999999999894 0.3384999999999988 0.021499999999999936 0.02300000000000093
