0 0.7624599248528672 0.7308870789595788 0.13662068227397167 0.28261178171351203
0 0.6823428580872667 0.6375577239905287 0.13943180742364206 0.21439514474818097
0 0.32215494215220536 0.3418218982905493 0.11919170634601667 0.10644793900084501
0 0.004291889331319643 0.31494752008610666 0.00858377866263928 0.03210969055283621
0 0.01478317436343435 0.2877655543210828 0.0295663487268687 0.041965140128459935
0 0.19957285390636426 0.24675416737736355 0.08059214411033587 0.06231187473619659
0 0.17644433917647498 0.2259305561772571 0.07105461226295887 0.051820589704081856
0 0.15951522014738073 0.21830053069935546 0.05627143789952447 0.052456425160573625
0 0.10097861843410426 0.2181415718352325 0.0503104804949138 0.0400576337589835
0 0.09489844188140033 0.21591614773750753 0.04768765923688477 0.033063443737572064
0 0.08571856747830084 0.21162425840618904 0.04887985071780723 0.03528886783529501
0 0.08202277388744243 0.2055838215695195 0.04721078264451628 0.03274552600932783
0 0.0735582143728953 0.20335839747179812 0.035527306131479405 0.027023006900901585
0 0.10801254817154479 0.15884991551737201 0.018598187102385175 0.019392981422999948
0 0.09430234614094032 0.1580551211967573 0.013590982882512268 0.01843922823826226
0 0.005484080812241789 0.261537341740798 0.010968161624483578 0.03719637420477042
0 0.07141226970723548 0.1826937451358146 0.02551289769173354 0.016849639597032784
0 0.07594259733473936 0.1663209821311502 0.024559144506995832 0.019075063694754084
0 0.05507924641860232 0.19223127698319165 0.00906065525500817 0.014942133227557336
0 0.04697234434833184 0.18889314083660963 0.03195073168871303 0.024161747346688463
0 0.037911689093323674 0.19000585288547034 0.02956634872686878 0.026387171444409746
0 0.029327910430684348 0.19143648266257693 0.024320706210811414 0.029248430998622902
