0 0.21566144921615574 0.10825474108687519 0.036829320762624886 0.03850152691020805
0 0.16947185257864456 0.1291369251737677 0.05799700346008036 0.053836880849019726
0 0.194056341861802 0.19826511160454083 0.07372960832273254 0.0791581604750087
0 0.21404328387700056 0.21484687090603888 0.08942305909022177 0.0941607046049355
0 0.24380161976629622 0.22777669512327847 0.07965166521612471 0.09198928374402505
0 0.2797781153936536 0.24208833261564286 0.10570871554705025 0.12298138148611076
0 0.3539518779833905 0.2921297133648067 0.13591120570335036 0.14094495406273366
0 0.4225663096644556 0.3255992049072946 0.13386809607512995 0.14939375523064
0 0.5001348913683294 0.3616556483027128 0.1295198258011569 0.17149881959470833
0 0.5903956994318327 0.41267535285066514 0.1316337040092531 0.19206434656839144
0 0.6780670962615288 0.48598166340376253 0.11254287579904897 0.19774482696895043
0 0.7743961679200367 0.5390739240208279 0.10062096098982763 0.20918986518580268
0 0.8587610752551558 0.590799138406436 0.09153646190520093 0.22066669517547977
0 0.9306263777251417 0.6649375526333802 0.08366799813111513 0.21996727617333892
0 0.9771814550551505 0.7030558882500637 0.045637089889698924 0.22416379018618465
0 0.02002881687949175 0.92942226432941 0.0400576337589835 0.14115547134118003
0 0.09334859295620263 0.24891936701905923 0.08989123766152847 0.07661817250726209
0 0.09656750995469236 0.284844070310846 0.09919033121272104 0.09442156528903257
0 0.11516569705707758 0.29915036808191153 0.09156030573481946 0.07407483068129488
0 0.11313897153950997 0.3398438372973869 0.13328700756709394 0.11667580626624559
0 0.1601113158878418 0.3689333094318868 0.12613385868156116 0.13479711677626194
0 0.20481849642242161 0.4468231528521324 0.16547617755199137 0.2098257006422945
0 0.27396560231590505 0.4929212234477881 0.17262932643752418 0.21046153609878643
0 0.36881635653806955 0.5577128564643028 0.1864825914458393 0.24934287426326007
0 0.4549497017388812 0.6774850383406857 0.20544388430756905 0.34151045690504317
0 0.5945363408899118 0.7450703161689699 0.1597470203213997 0.2851893920481394
0 0.7176106678442592 0.8143964908124766 0.1662751437479951 0.32819820521159326
0 0.8287327618669613 0.8525412120110158 0.17203525265381486 0.29491757597796847
0 0.9109103155899888 0.8929899767718829 0.11443416359561795 0.21197200773416483
0 0.9790716043088552 0.9203824946795589 0.041856791382289774 0.15923501064088214
