0 0.11556818181818182 0.8504545454545451 0.2093181818181818 0.144545454545454
0 0.1448863636363634 0.6836363636363627 0.2065909090909086 0.163636363636362
0 0.1595454545454546 0.5395454545454547 0.16772727272727278 0.1627272727272729
0 0.8130681818181812 0.8200000000000002 0.1929545454545438 0.20363636363636406
0 0.7448863636363637 0.6668181818181819 0.16840909090909092 0.18454545454545446
0 0.6869318181818183 0.5195454545454546 0.17113636363636384 0.15727272727272723
0 0.6473863636363631 0.4118181818181818 0.17522727272727182 0.12363636363636361
0 0.6037499999999997 0.32545454545454516 0.14113636363636403 0.1109090909090909
0 0.9660227272727262 0.6581818181818171 0.067954545454545 0.17999999999999997
0 0.17829545454545442 0.41772727272727267 0.14795454545454545 0.09363636363636366
0 0.182727272727273 0.3340909090909092 0.16090909090909122 0.10090909090909123
0 0.24204545454545454 0.1831818181818182 0.10090909090909098 0.0627272727272727
0 0.5635227272727273 0.26545454545454544 0.13840909090909093 0.09272727272727273
0 0.5464772727272728 0.2159090909090909 0.120681818181818 0.07
0 0.5117045454545454 0.18409090909090906 0.10568181818181785 0.07181818181818177
0 0.4602272727272728 0.11090909090909085 0.08863636363636361 0.04363636363636359
0 0.24579545454545448 0.14318181818181816 0.06613636363636362 0.03545454545454539
0 0.2488636363636364 0.10863636363636356 0.08454545454545465 0.06818181818181815
0 0.44693181818181854 0.09227272727272727 0.07840909090909094 0.044545454545454534
0 0.43090909090909046 0.07363636363636365 0.06681818181818164 0.04545454545454548
0 0.9920112781954887 0.5324248120300752 0.015977443609022687 0.05357142857142861
0 0.4256249999999994 0.05616666666666656 0.06300000000000106 0.03499999999999978
0 0.15225563909774428 0.9906015037593978 0.23120300751879688 0.018796992481201834
