0 0.8279257988419689 0.42434139335235826 0.09285374452210655 0.09334503417566226
0 0.7299135129575234 0.32289007989301927 0.07958892387609129 0.07614989630119853
0 0.4181902277761662 0.25116179047382553 0.06706103771041028 0.07320215837986203
0 0.3645782443318543 0.2663917697340652 0.06006016014723601 0.08499311006520877
0 0.193240977654158 0.3282942660821368 0.059323225666901146 0.1085750134359022
0 0.09375482280904417 0.38700337968209303 0.07553578423425321 0.10513598586100939
0 0.0385048265974608 0.41672640372223646 0.06153402910790387 0.09776664105766822
0 0.015291390466934182 0.42782954914295623 0.030582780933868365 0.0836174975359557
0 0.5563855326523046 0.032425117134703835 0.036846724016708805 0.02554706198491817
0 0.9393871389925138 0.19283118902077662 0.0246873050911951 0.028986089559811
0 0.14342350746268653 0.6557835820895523 0.10774253731343288 0.22947761194029778
0 0.05457089552238806 0.6968283582089552 0.09514925373134327 0.22201492537313428
0 0.02238805970149254 0.7147388031233604 0.04477611940298508 0.2055970092317948
