0 0.027985074626865673 0.9151119402985075 0.055970149253731345 0.1548507462686566
0 0.682136194029851 0.86660447761194 0.21128731343283536 0.2667910447761191
0 0.5708955223880594 0.7863805970149248 0.20149253731343209 0.3078358208955232
0 0.4477611940298508 0.7220149253731338 0.19869402985074633 0.2723880597014929
0 0.36730410447761197 0.6277985074626864 0.18330223880597013 0.2518656716417907
0 0.3078358208955224 0.5522388059701493 0.1791044776119403 0.20149253731343258
0 0.2616604477611939 0.4897388059701492 0.1427238805970147 0.15111940298507487
0 0.5970430134282977 0.5111602721196358 0.11335630094207184 0.16761822785766806
0 0.506406040054727 0.4489299000942236 0.1386445317864603 0.1467366250813875
0 0.4470640225585768 0.4061317177788186 0.14080242333177487 0.13019278990064276
0 0.4799718686246235 0.32161429892066495 0.11382877901534263 0.07192971817715109
0 0.34375496482664325 0.3449914573282391 0.11652614344698596 0.09422793081206823
0 0.2889984668642868 0.3061494095125775 0.10843405015205701 0.09278933644852487
0 0.21778804586890665 0.45216673741219465 0.14080242333177437 0.14889451662670336
0 0.19108413799563898 0.4050527720061605 0.11328930612901354 0.10789457726572678
0 0.13929474090809016 0.3536230235094973 0.10034195685712573 0.0899121477214395
0 0.13228159338581777 0.3331230538290093 0.07444725831335156 0.061859557632350286
0 0.2575983032219235 0.2942810060133478 0.09009197201688196 0.06617534072298006
0 0.11841429854913552 0.3119037869667495 0.06419727347310762 0.05538588299640635
0 0.20577162897362705 0.29395398859703353 0.02710213584700079 0.04506872028490019
0 0.18826182210618278 0.26776540789094283 0.03897835267883261 0.056843430989963875
0 0.178821752316778 0.26065997901719706 0.03958738943943946 0.046692818313183934
0 0.17120879280919332 0.2572087707070914 0.04202353648186681 0.04141449972125751
0 0.10299667562123642 0.29598411113238937 0.06943019070917077 0.05643740648289261
0 0.08411653604242689 0.2740587877505459 0.054813308454608516 0.04344462225661478
0 0.07582507669554148 0.2641111873273022 0.04689583056672044 0.03816630366468995
0 0.03319250345306839 0.21944849154947327 0.012789771972741894 0.016240980282846595
0 0.16296701474614048 0.2530162888215363 0.056037015930527546 0.04377533759808106
0 0.15480211211822648 0.24339029835494244 0.05792783548646662 0.04606724009012722
0 0.13417498968981095 0.22918050290425657 0.03455043006759528 0.038274771617170314
0 0.12815874564819008 0.22872212240584744 0.03626935693662949 0.035524488626715145
0 0.12085330645479285 0.22436750767095975 0.041598030230637024 0.035524488626714944
0 0.25011660700619437 0.21508530257817227 0.03197203976404297 0.04400452784728484
0 0.558321741001561 0.23261835664232564 0.07133546506493514 0.06669436251854244
0 0.5721591022972906 0.18551976043077695 0.031628254390238496 0.033920156882284384
0 0.5035739202228097 0.164663447753158 0.026471473783132114 0.01650169794273201
0 0.5427654528367986 0.141056852085083 0.03781639111876051 0.02566930791091643
0 0.5194739937613797 0.13452492998275153 0.038332069179470935 0.03139906414103181
0 0.4960106419990575 0.13234762261530772 0.030940683642621845 0.024752546914098034
0 0.4404033577857874 0.20935554634805725 0.05277105487936334 0.04583804984092188
0 0.42209678663056904 0.1954895362711784 0.05844351354717716 0.0451504790933084
0 0.38806203462368477 0.19228087278231365 0.06222515265905201 0.04881752308058198
0 0.3608170437494866 0.18918680441805144 0.05036455726271344 0.04217100585364831
0 0.34087749206868573 0.1881554482966305 0.048989415767484897 0.04194181560444325
0 0.30950707670880523 0.18242569206651443 0.05569323055671783 0.038733152115577256
0 0.28045721262211853 0.17486241384276321 0.04950509382819735 0.04010829361080685
0 0.2634398366186762 0.17486241384276333 0.03506610812830647 0.0350661081283056
0 0.24255487515990473 0.17497700896736532 0.0431450644127713 0.03575367887591905
0 0.22502182109575294 0.1740602479705471 0.03145636170333404 0.027502829904553244
0 0.20611362553637272 0.17325808209833105 0.0242368688533881 0.02452335666489349
0 0.4796808367432284 0.1140124026789388 0.028534186025974156 0.017418458939550546
0 0.4688515974683108 0.12272163214871408 0.024064976166484574 0.016043317444322896
0 0.4379968601691396 0.1270762468836017 0.019080088246284044 0.020627122428415107
0 0.4218389476002143 0.12593029563757865 0.020799015115318512 0.02062712242841509
0 0.37817820512673606 0.12638867613598787 0.03145636170333329 0.021543883425233543
0 0.25922846578954184 0.15148500842389293 0.032487717824753834 0.020397932179210532
0 0.24178135806884066 0.1534331255421321 0.023721190792677146 0.01558493694591363
0 0.23249915297605409 0.15469367191275743 0.024752546914098086 0.018564410185573497
0 0.22399046497433298 0.11653349542018936 0.018048732124863527 0.011917892958640148
0 0.6418796641836209 0.11896531953146017 0.03556631584719542 0.017471172696867664
0 0.6436475804684233 0.13435659071679576 0.02163097571993172 0.018857773704555474
0 0.5642993378034834 0.08596421554848806 0.023918867382616397 0.014697970681491812
0 0.47039178455782005 0.06405591962701915 0.016639212092254923 0.01026084745689051
