0 0.4005398671096344 0.6519933554817272 0.10838870431893649 0.28737541528239124
0 0.30336378737541525 0.4418604651162791 0.0735049833887043 0.12292358803986715
0 0.6272840531561462 0.5739202657807309 0.11835548172757476 0.20431893687707647
0 0.29090531561461797 0.2541528239202658 0.051079734219269105 0.06976744186046513
0 0.34883720930232553 0.20265780730897007 0.04485049833887039 0.06644518272425248
0 0.2404485049833887 0.26827242524916944 0.054817275747508276 0.05813953488372093
0 0.08347176079734218 0.26411960132890366 0.04235880398671098 0.05315614617940205
0 0.03862126245847176 0.2790697674418604 0.04235880398671096 0.04318936877076405
0 0.01744186046511628 0.32890365448504993 0.03488372093023256 0.06976744186046492
0 0.5055 0.0635 0.009749999999999943 0.008333333333333338
