0 0.3004690434889057 0.7253582296315716 0.1883972509642003 0.2000338346123207
0 0.251855051471344 0.48089380290824485 0.1615657894945668 0.16810535716458502
0 0.2509811751158282 0.39744039924369595 0.15281727164547285 0.13843871984526046
0 0.2314958757349266 0.34455044990824146 0.12235413696015232 0.1213389977076767
0 0.23429256710283106 0.2973881758187485 0.10941000110542035 0.09712173305163152
0 0.2345886699475007 0.26461946100864514 0.1037840470566978 0.08448801167906168
0 0.2305458983887012 0.2129131413492538 0.07730709130179392 0.06837135556859092
0 0.23626291843514977 0.18774963974315892 0.07487976672097915 0.059168387096488
0 0.23461808589709257 0.15459467809843966 0.06009526732578586 0.04892712030063983
0 0.2302495930131068 0.13443629934103316 0.05135828155781447 0.043051813929134396
0 0.3307629162394211 0.04230541753268557 0.025679140778907268 0.015802548171635223
0 0.31021200623736667 0.04417943766842436 0.021500582368138302 0.01468826592876351
0 0.6352638679462224 0.17314993644123924 0.08371634972022562 0.059220568933921705
0 0.640445667727941 0.27911886357905996 0.10807753830440749 0.08739520324490871
0 0.6851975749336884 0.32703368753468737 0.11682603144237276 0.10390518003860805
0 0.8158193070936224 0.46862468416760933 0.10673161628318141 0.13118253300211144
