0 0.05550539568257076 0.9184259853975202 0.11101079136514153 0.16314802920495994
0 0.1586587573067783 0.41826040572097567 0.09105808817486456 0.12537646311514158
0 0.2110861379409554 0.4214939588054299 0.11857570514780903 0.16139764048784225
0 0.365896327296539 0.45192063049295195 0.1007955838804186 0.1733724645193914
0 0.6363086490059399 0.5148544290889839 0.08983292218949662 0.18798934677395301
0 0.802727943841736 0.5641864066981307 0.11206276395164365 0.16971824395575008
0 0.8579980298667981 0.5627653209233816 0.09957751035920845 0.17986885663252966
0 0.9074264123877706 0.5617502596557038 0.08831033028798001 0.172966440012319
0 0.9808153420408872 0.5656480943040427 0.03836931591822577 0.09874515888062078
0 0.747419519771489 0.43125254101798055 0.08236409985666143 0.1114827210181076
0 0.6869983808614899 0.4153066294295683 0.06884474003170636 0.11120540081656745
0 0.617425675300744 0.38438542695812744 0.06614086806671896 0.11037344021195956
0 0.5442131420948264 0.3698538479744037 0.0640609665551811 0.11503242044410217
0 0.47724031342350093 0.36247713103666074 0.06614086806671306 0.09983527255352918
0 0.4100594946010217 0.35249360378130745 0.07695635592667868 0.08874246449202544
0 0.33965482843566824 0.3405688351151916 0.07466846426399339 0.10760023819658135
0 0.28464143345565085 0.341678115921342 0.0748764544151469 0.09151566650740176
0 0.23264389566735427 0.3334971699759809 0.07529243471745303 0.08458266146896135
0 0.3471424738771832 0.23490983832937334 0.052205527939449686 0.05990116353211754
0 0.5110387129858935 0.25238101102624094 0.04346994159101584 0.06877540998132009
0 0.620145017607561 0.25009598424167095 0.038160176492568 0.04881752308058246
0 0.6740333749517956 0.2819534288811121 0.049676986515099636 0.06898626501058831
0 0.630541496926714 0.21031036017851798 0.02678969047864825 0.03586189641763316
0 0.6007633150799294 0.19415827587930637 0.022306953426444523 0.031165695696276394
0 0.5502791573253449 0.1937313485410013 0.02529544479458046 0.03344264150057057
0 0.5003820246609277 0.17580040033218475 0.021346366915257205 0.028888749891982153
0 0.43917131753142785 0.1796427463769311 0.03169935486915783 0.031734932147349966
0 0.4151566547517629 0.176654255008795 0.034047455229836245 0.03173493214734993
0 0.42428222660803555 0.14805012334234952 0.022840612599325853 0.02006558490034232
0 0.44658918003447995 0.14769435056042857 0.021986757922715584 0.0224848398174049
