0 0.6831403541446863 0.0068399757118679586 0.029477038186859518 0.013679951423735917
0 0.5644179185744078 0.0394112886255249 0.049345539064190265 0.02974846579447334
0 0.6195448656807722 0.0596055026319922 0.044622698691710025 0.033222739171930075
0 0.650813326077883 0.07209117258222736 0.04429698556257335 0.03300559708583903
0 0.6850946329195071 0.08739968965164613 0.038271292673547064 0.03756558089375099
0 0.7349287416774021 0.1125881716382075 0.044459842127141797 0.04017128592684355
0 0.7789814423931227 0.13940521927045174 0.04038842801293455 0.04038842801293461
0 0.8183927310186481 0.1667651221179235 0.03615415733416001 0.046902690595666006
0 0.8700182619867941 0.20183356902162758 0.03517701794674932 0.049725537714849714
0 0.7744689008404348 0.26172787062812136 0.05655519917762658 0.07488144838849749
0 0.639386709076448 0.14165481128235516 0.06936386798092507 0.043352417488077506
0 0.4931708282757501 0.07869120628896482 0.05162878809943747 0.04860725597148075
0 0.4497198825661093 0.09169693153538841 0.07704906926290053 0.056752255620755164
0 0.3837059741183548 0.12178088185287211 0.08335487544298557 0.060167900634968116
0 0.33641242776772456 0.1426688648244002 0.06443745690273314 0.05412483637905424
0 0.2548310603128883 0.13807088115142258 0.04906705433877882 0.05754048139326645
0 0.1965919242576237 0.17855702310309765 0.04156099527782616 0.05613122925453539
0 0.23125594402598318 0.20662263773036554 0.06682004844236719 0.07786715207224916
0 0.2898354503011952 0.1686444868730413 0.0707611773049193 0.06735747510544238
0 0.17616971106076082 0.2505721959551932 0.06126663959058865 0.07595630171464793
0 0.042456706382951716 0.22274543762262564 0.032603884226570505 0.050398678181731646
0 0.01083810437201932 0.2552298937018462 0.02167620874403864 0.048965540413530684
0 0.11438230812453361 0.30120973043162247 0.06072921292751285 0.08933225421785579
0 0.3774860120551205 0.20325832405297842 0.12237205118225512 0.09642628617045106
0 0.49000524108099613 0.20417792078757416 0.07704906926290228 0.0777716095543691
0 0.47020106854666827 0.28917493325662336 0.1320278168955083 0.1605353156679718
0 0.617796344449259 0.4330261367397887 0.1667097508859716 0.17183321840728918
0 0.5412557005152693 0.5124053721684811 0.17685683742887273 0.20080319551467565
0 0.39201940033150734 0.35832546425382866 0.12288232332415226 0.1494137340418675
0 0.30771235180087386 0.43163594123698745 0.12323142083359649 0.17780699814328138
0 0.22165981572302215 0.5272886588245377 0.11799495819194153 0.2071311889365458
0 0.1281187859658067 0.6145630361854404 0.12288232332415205 0.23180074627055844
0 0.05672834528458777 0.7369798961636707 0.11345669056917554 0.2662450338689979
0 0.016756680453293593 0.8436043157692578 0.033513360906587186 0.16198124438184044
0 0.03613159222741435 0.9692794191689564 0.07156498943594146 0.06144116166207394
0 0.12288232332415286 0.9378606433190303 0.10682383788974682 0.12427871336192538
0 0.22621518611946265 0.8659465563736446 0.19409821525065085 0.26810688725269266
0 0.35398487457582695 0.7749484722453462 0.20038197042063657 0.3039475648889089
0 0.4674415651450022 0.6476442471349074 0.20876031064728093 0.2708996673282455
