0 0.09681818181818183 0.7231818181818181 0.13772727272727273 0.18272727272727265
0 0.21579545454545446 0.4972727272727275 0.1384090909090908 0.14909090909090902
0 0.28227272727272734 0.4163636363636364 0.12954545454545457 0.13454545454545452
0 0.35045454545454546 0.34454545454545454 0.12136363636363637 0.1036363636363636
0 0.3893181818181819 0.2881818181818182 0.1118181818181818 0.08363636363636363
0 0.6644318181818182 0.4295454545454545 0.17386363636363641 0.12636363636363634
0 0.43056818181818185 0.24272727272727274 0.12477272727272727 0.08727272727272727
0 0.4813636363636364 0.19681818181818184 0.08045454545454547 0.07545454545454548
0 0.574090909090909 0.21181818181818188 0.0599999999999996 0.07454545454545448
0 0.6443181818181819 0.22954545454545452 0.06136363636363633 0.10090909090909098
0 0.7145454545454545 0.26545454545454567 0.053181818181817754 0.10545454545454545
0 0.7765909090909092 0.2913636363636364 0.05727272727272731 0.11363636363636363
0 0.8352272727272734 0.3090909090909094 0.058636363636364576 0.10727272727272742
0 0.8880681818181819 0.35545454545454547 0.05931818181818173 0.13090909090909097
0 0.7748863636363632 0.643636363636362 0.11113636363636345 0.25636363636363607
0 0.8798863636363643 0.6699999999999998 0.09613636363636306 0.2418181818181823
0 0.9588636363636361 0.7122727272727262 0.08227272727272802 0.21545454545454476
0 0.9439772727272734 0.38818181818181763 0.06340909090909054 0.12363636363636356
0 0.9810227272727269 0.41681818181818175 0.0379545454545453 0.10272727272727306
0 0.021499060150375938 0.9619360902255637 0.042998120300751876 0.0761278195488721
0 0.9927161654135338 0.7377819548872181 0.01456766917293237 0.18796992481203006
0 0.40775 0.08449999999999999 0.02125 0.020999999999999987
0 0.4082499999999992 0.11099999999999997 0.019749999999999997 0.010666666666666635
0 0.40962499999999996 0.10383333333333333 0.018500000000000086 0.006333333333333346
0 0.403125 0.1165 0.00950000000000003 0.01166666666666668
