0 0.9300213675213675 0.6417378917378918 0.13995726495726488 0.15811965811965806
0 0.9529914529914529 0.41666666666666674 0.09401709401709396 0.1353276353276353
0 0.8354700854700855 0.33262108262108264 0.09401709401709411 0.09544159544159544
0 0.7473290598290597 0.2756410256410256 0.08440170940170943 0.09544159544159542
0 0.6693376068376068 0.23290598290598288 0.07585470085470092 0.07264957264957264
0 0.6025641025641025 0.20655270655270655 0.05769230769230767 0.05413105413105413
0 0.553929429729233 0.19156402596376787 0.04772595212890806 0.03527023687521208
0 0.6746794871794871 0.34615384615384615 0.08012820512820518 0.10541310541310547
0 0.6266025641025641 0.4971509971509971 0.18055555555555564 0.1424501424501424
0 0.7970085470085471 0.5056980056980057 0.14316239316239318 0.11396011396011389
0 0.4129273504273504 0.4722222222222222 0.2019230769230769 0.1324786324786325
0 0.25053418803418803 0.4672364672364672 0.12072649572649574 0.09401709401709404
0 0.1736111111111111 0.4309116809116809 0.07158119658119658 0.08119658119658127
0 0.1613247863247863 0.3703703703703704 0.05555555555555554 0.07122507122507116
0 0.7409188034188035 0.12678062678062677 0.037393162393162385 0.03418803418803419
0 0.6271459512978823 0.32162120888864665 0.09429565866000927 0.06263682741314704
0 0.5638282888041577 0.2946147506923984 0.03233966632744 0.0385806545660688
0 0.5575305643088141 0.2657927322812765 0.10689110765069643 0.07443796880982692
0 0.5248504804410853 0.24741018510567894 0.08646605523336597 0.056736256714807
0 0.49012789133162327 0.2378784939775914 0.06195599233256935 0.04130399488837952
0 0.47497931078876987 0.2278929127957853 0.07863645180672271 0.040396214780942616
0 0.4986383298388444 0.1729722162958521 0.04221177499581643 0.025871733061952007
0 0.4666390810516932 0.1663908105169345 0.03131841370657341 0.02178672257848591
0 0.4428098532314742 0.16071718484545375 0.02859507338426269 0.020425052417330516
0 0.4194912517216885 0.15436272409339538 0.02689298568281849 0.02042505241733057
0 0.4009384957759466 0.1505046586367885 0.019063382256175175 0.015432261826427532
0 0.3898749257165592 0.14687353820704085 0.018042129635308653 0.019063382256175158
0 0.3697902908395176 0.15254716387852155 0.0017020877014441993 0.00045389005371845317
0 0.3754071802542835 0.148008263341337 0.017020877014442062 0.017701712095019816
0 0.36672653297691793 0.14301547275043397 0.014637954232420257 0.014070591665272136
0 0.3563437979981083 0.1514124387442254 0.02042505241733046 0.020878942471049003
0 0.44774590756566246 0.21926900177513464 0.046637203019571416 0.03676509435119492
0 0.444341732162774 0.20746786037845477 0.050722213503037565 0.04584289542556412
0 0.40791705535186795 0.19362421374004185 0.050722213503037565 0.039942324727224164
0 0.41404457107706705 0.20224812476069254 0.030297161085706962 0.04175788494209797
0 0.3886834643255483 0.19725533416978952 0.02791423830368508 0.019063382256175175
0 0.16656101928707867 0.33137984504359336 0.043233027616683 0.03404175402888427
0 0.17524166656444415 0.2993805962564422 0.03268008386772884 0.04085010483466107
0 0.1837521050716652 0.2741896982750679 0.025871733061952007 0.03313397392144737
0 0.18596481908354268 0.25603409612632966 0.022127140118774733 0.021332832524767406
0 0.19141149972816415 0.24060183429990212 0.02280797519935245 0.017701712095019816
0 0.19634755406235235 0.2292545829569407 0.017701712095019778 0.014070591665272154
0 0.20281548732784038 0.2219923420974454 0.019063382256175175 0.017701712095019816
0 0.2884304987104842 0.16434830527520142 0.030297161085706924 0.020425052417330534
0 0.2630693919589655 0.1729722162958521 0.022467557659063643 0.01497837177270906
