0 0.27285447761194 0.8815298507462686 0.24347014925373092 0.23694029850746204
0 0.20708955223880587 0.7798507462686569 0.2126865671641788 0.2835820895522386
0 0.15531716417910446 0.6529850746268656 0.1735074626865671 0.24253731343283594
0 0.13432835820895522 0.5746268656716417 0.1623134328358209 0.19029850746268673
0 0.09305037313432835 0.4757462686567168 0.1497201492537313 0.1380597014925374
0 0.0909514925373135 0.41884328358208944 0.1063432835820896 0.07649253731343292
0 0.08045708955223879 0.39925373134328346 0.10214552238805968 0.08582089552238813
0 0.07682541957483797 0.3743947775740697 0.0880636703999341 0.07664118595475598
0 0.07332498079325064 0.34933900524270745 0.07148264459241507 0.05207670327695012
0 0.07700965319492141 0.3306699984075754 0.08032585835642525 0.05895475842673514
0 0.07424614889366844 0.30659680538332607 0.05858629118656717 0.047163806741387496
0 0.07700965319492158 0.2987361709264281 0.0700087756317469 0.05207670327694837
0 0.9858140112535669 0.5795573361494566 0.02837197749286599 0.13029001462378728
0 0.9889459827949867 0.7480696873192058 0.02210803441002435 0.2010357247358667
0 0.8918548650109586 0.48837397719908876 0.06595563598991 0.13363078576726653
0 0.8023173256503533 0.5755778907053016 0.09911768760494097 0.2019200476115639
0 0.7680498723148169 0.40264393265354725 0.07627271871458756 0.0958014824434433
0 0.7043050397659101 0.36014737762094307 0.07995739111625944 0.10906630308945829
0 0.6390863382563324 0.45201854283593734 0.10943477032962313 0.1405088409170496
0 0.5967126056371206 0.29136682612308634 0.08511593247859689 0.0854843997187647
0 0.5139917102196091 0.24420301938169892 0.08916907212043527 0.08843213764010137
0 0.4471149061292817 0.3260027466987928 0.1204887875346363 0.09383632382921857
0 0.4636959319368013 0.23634238492480109 0.0836420635179298 0.0579721791196219
0 0.3708421874146947 0.2781020054770712 0.09838075312461214 0.07172828941919339
0 0.42555957257950683 0.22209498497167376 0.07148264459241294 0.0530592825840606
0 0.34726028404400094 0.2564852607206021 0.08585286695893272 0.07762376526186675
0 0.3174144375904662 0.24788769178336978 0.08437899799826401 0.0751673169940861
0 0.28959516095785054 0.24051834698002794 0.06337636530874077 0.05355057223761665
0 0.26877676188841126 0.2348685159641324 0.07700965319492191 0.05305928258406048
0 0.34838577557798217 0.20367162296331887 0.036478256776542956 0.03488156540248434
0 0.33235745063071326 0.19875872642775794 0.042742199859383184 0.035864144709596646
0 0.9708910880267999 0.418856491220899 0.04568993778071914 0.07123699976563716
0 0.9585474354812022 0.36039302244772103 0.04311066709954959 0.06534152392296393
0 0.8890913607097058 0.31494872949378017 0.03463592057570636 0.0589547584267343
0 0.8456122263699892 0.3306699984075758 0.04347913433971704 0.06878055149785671
0 0.9786289000703087 0.31544001914733616 0.024318837851027907 0.04126833089871411
0 0.9607582389222048 0.2793302296109615 0.021739567169858264 0.036846724016709076
0 0.963890210463625 0.31814211224189487 0.026529641292030694 0.045689937780718975
0 0.9392029053724305 0.30315777780843317 0.02726657577236458 0.04323348951293851
0 0.9248326830059138 0.25550268141348953 0.019160296488688562 0.030459958520479183
0 0.910646694259481 0.26385460552394374 0.02247650165019258 0.0343902757489284
0 0.916542170102154 0.23609674009802298 0.016581025807519422 0.020142875795800975
0 0.9091728252988124 0.21742773326289055 0.01584409132718476 0.022108034410025405
0 0.8999611442946351 0.2341315814837984 0.018791829248521474 0.02603835163847426
0 0.8855909219281188 0.26631105379172426 0.02616117405186315 0.03832059297737744
0 0.8879859589892046 0.2466594676494792 0.02063416544935732 0.027512220599143215
0 0.8813535486661973 0.22283191945200784 0.019897230969022673 0.02702093094558652
0 0.8576220996488527 0.24870833647581875 0.023294896929155085 0.03854750801372382
0 0.8627178583521075 0.2310985036781825 0.018927103754937606 0.02773202015375824
0 0.8640697943346041 0.20988350826055746 0.012479409069186941 0.023017576727619272
0 0.8158160792670691 0.265624868769611 0.037438227207572526 0.050194956478303014
0 0.8289194587897194 0.2302665430735691 0.026206759045301228 0.04048874942448826
0 0.8359911239289275 0.2159845526943841 0.017055192394561457 0.0246814979368452
0 0.841294872783331 0.20128658201289246 0.018095143150331262 0.02745469995222095
0 0.8457666610331248 0.1825674684091058 0.015807251487645956 0.019967054510706104
0 0.8583500651778945 0.15331018714689112 0.007279655290361547 0.010815487859965672
0 0.8109283107149663 0.2051690648344188 0.024750827987232542 0.029673261564521165
0 0.8218477936505092 0.1889458330444702 0.01705519239456413 0.024404177735307227
0 0.8242396803887446 0.177159724479123 0.015599261336498648 0.011924768666116175
0 0.8297514193943317 0.1738318820606721 0.014559310580722951 0.019689734309168223
0 0.8253836262201147 0.15441946795304137 0.012895389371497572 0.016361891890717305
0 0.8196638970634025 0.13708695535694265 0.008527596197280616 0.010538167658428108
0 0.8107203205638155 0.13362045283772286 0.009359556801893518 0.012479409069191157
0 0.8191439216855189 0.14609986190691407 0.009567546953047507 0.010815487859965585
0 0.8123842417730409 0.14859574372075227 0.011023478011118755 0.013588689875341503
0 0.7794178028152607 0.13583901445002353 0.01747117269686769 0.014697970681491802
0 0.7827456452337116 0.149427704325365 0.0153912711853365 0.01691653229379238
0 0.7984489016457771 0.15774731037149242 0.015599261336488373 0.01913509390609309
0 0.8010487785351923 0.17910096588988622 0.019551074208399424 0.02246293632454402
0 0.7869054482567754 0.1922736754629213 0.02204695602223775 0.02884130095990843
0 0.7606986892114738 0.16620557651838866 0.04076606962602508 0.03216914337835943
0 0.7746340293387375 0.20211854261750542 0.024126857533769957 0.0341103847891224
0 0.7493632259736255 0.18922315324600786 0.030990532521824744 0.03438770499066005
0 0.7620506251939699 0.15636070936380456 0.019759064359552603 0.01747117269686761
0 0.750299181653815 0.14540656140307007 0.01955107420839955 0.014975290883029395
0 0.7379237676601998 0.16994939923914604 0.02267092647569844 0.025236138339919893
0 0.7234684521550533 0.1770210643783544 0.030366562068366035 0.030505222169133744
0 0.8299594095454852 0.12959930991542795 0.014559310580723094 0.013311369673803898
0 0.7375077873578932 0.13084725082234713 0.017679162848022296 0.01636189189071724
0 0.7210765654167923 0.14332665989153823 0.022670926475697115 0.02301757672761923
0 0.7232604620039007 0.24856967637504987 0.050749596881377125 0.059901163532118176
0 0.6863422101742103 0.22638406025204338 0.04596582340485431 0.04880835547061512
0 0.7103650726324032 0.20919020775671293 0.03993410902141157 0.04714443426139025
0 0.6743827764829021 0.19684945878829072 0.04118204992833072 0.03799286761064974
0 0.7130689445973943 0.15954989168148664 0.022462936324543378 0.023294896929156775
0 0.6974696832609056 0.1670375371230014 0.030782542370672076 0.030505222169133983
0 0.7041253680978075 0.13708695535694254 0.02204695602223746 0.021076335316856334
0 0.6911259836507339 0.14499058110076365 0.019759064359552752 0.01247940906919126
0 0.6735508158782888 0.15622204926303568 0.03203048327759158 0.03161450297528444
0 0.6484880026643303 0.14873440382152098 0.03515033554488878 0.028841300959908573
0 0.6695990030063785 0.1391668568684744 0.021214995417624456 0.013588689875341585
0 0.6443281996412665 0.1840927295175626 0.04014209917256566 0.035219665595272884
0 0.6100098247009911 0.19920668050136078 0.05386944914867537 0.04769907466446395
0 0.6102178148521442 0.16994939923914598 0.045965823404854556 0.034665025192197725
0 0.5527085380582882 0.17660508407604789 0.05449341960213485 0.04242999083525003
0 0.4922873991482881 0.16121381289071215 0.045965823404853993 0.036051626199885604
0 0.46732858100990504 0.15247822654227844 0.05594935066020599 0.04242999083524988
0 0.7006148241595065 0.09202242260708571 0.015599261336488555 0.01247940906919119
0 0.673160124207286 0.08592137817325893 0.018511123452633435 0.014143330278416626
0 0.7372210907624672 0.10353121097089532 0.010191517406506137 0.011092808061503234
0 0.7470624892524463 0.1065156434405038 0.009446915259880853 0.01072767267892672
