0 0.05565387557767413 0.1818289215790031 0.015747287648338257 0.016689433063196146
0 0.14189809184406027 0.1295185383172185 0.02507135046461333 0.017605659437373293
0 0.16726194139742773 0.12010285336495247 0.025322063969259723 0.021728503735998456
0 0.18848901812413385 0.1172614336456296 0.02014065153990587 0.015377094951629802
0 0.2021111185432412 0.10940574383338411 0.02231350191350621 0.023065642427444386
0 0.21142930379925562 0.10834717570265603 0.023399927100305997 0.022285644857434287
0 0.22927174821323942 0.10689860878692287 0.03267632677221328 0.02117136261456251
0 0.26232414524242087 0.09820720729252334 0.025238492801044267 0.01782851588594749
0 0.28296622379161923 0.09570007224606204 0.023567069436736577 0.02039136504455238
0 0.29863581783200344 0.09402864888175451 0.015962093129137912 0.018385657007383198
0 0.3194450387176322 0.09001723280741615 0.031339188080767126 0.025962776258910903
0 0.3529988627561067 0.08650724374237041 0.04161844177125886 0.03209132859470535
0 0.40084335655941045 0.086562957854514 0.04220343994876566 0.02930562298752602
0 0.10972319208113959 0.1599384435476165 0.03025276289396696 0.02986276410896205
0 0.11415246399655476 0.16133129635120624 0.026074204483198294 0.020837077941700703
0 0.14657807726412148 0.14912990579176064 0.03526703298688963 0.02518277868890076
0 0.1484166429648598 0.14996561747391418 0.02156136139956745 0.018608513455957702
0 0.1552276931744132 0.1491299057917605 0.025990633314982695 0.019611367474542177
0 0.17123157188765806 0.14522991794170964 0.027244200838213214 0.02830276896894167
0 0.1862325965823184 0.14333563812882763 0.03601917350082788 0.0269656302774955
0 0.2120143019767628 0.14032707607307185 0.03459846364116653 0.033651323734728046
0 0.2272242545919615 0.1406613607459356 0.04245415345341199 0.03610274466904354
0 0.2768655285118971 0.11681572074848103 0.039111306724797616 0.024514209343177728
0 0.10115714733906325 0.18144409083504043 0.022146359577075333 0.02495992224032633
0 0.11340032348261618 0.17804552999428175 0.0233999271003059 0.02908276653895152
0 0.13224562191518385 0.1738112574713692 0.04086630125731991 0.03108847457612071
0 0.14933592581522925 0.1735884010227947 0.028079912520367324 0.028859910090377233
0 0.15677375978639765 0.17330983046207687 0.02757848551107486 0.03119990280040784
0 0.1746579897844888 0.1716384070977692 0.05699553672288836 0.035211318874746024
0 0.008645855207721986 0.24774778427375757 0.017291710415443973 0.016988347074821962
0 0.04080236931363526 0.23797274329816523 0.040145082075621265 0.03788671053988117
0 0.05005495120260086 0.24781519834945115 0.04813365004532928 0.037617054237106116
0 0.14237852786517602 0.2697921870256096 0.07745877297210566 0.07941378116722438
0 0.16553526286597517 0.2769380790491477 0.08736864209908508 0.08966072067267201
0 0.2381887605226321 0.2764866069842275 0.08492767953932971 0.08936922220937155
0 0.27715320303711005 0.2862669736717987 0.10229007361313808 0.08811302832289414
0 0.316972306035066 0.30647374961712925 0.12110606346987055 0.1320618687226455
0 0.36590330111671837 0.32552303262420745 0.1182930864455084 0.13936573889116252
0 0.4536015611367407 0.3521130680755378 0.11334816893952632 0.14743947645582067
0 0.5337269909043356 0.38642151767792327 0.10487962758197508 0.14700519228363818
0 0.03316351860299619 0.35001484012667455 0.062477700225287466 0.06711664479177834
0 0.05403876915220358 0.3544563827967172 0.08172438512881204 0.08034257185368761
0 0.09245811324808535 0.3767627970951619 0.10941000110542053 0.1107424639064336
0 0.11281518381912095 0.40094452940984715 0.11044636106176417 0.11409829614602242
0 0.17060801886175664 0.4679065098157592 0.15725104161584394 0.1797154761323937
0 0.42832169823675253 0.6007494421163088 0.17065282651641822 0.26470900482744814
0 0.7869471945480377 0.23849192021793236 0.07825111356597955 0.056936174967674835
0 0.8486160084248284 0.2462953553657864 0.07283206137996981 0.05693617496767499
0 0.8824308940655285 0.31840487645428855 0.08800540750079772 0.08323664157710839
0 0.8994467179295994 0.37649711588831225 0.10599666075834872 0.10173367303868801
0 0.9180639309475325 0.4454274596943538 0.09364122177424704 0.10317875362162449
0 0.8174863223751934 0.5328548349619756 0.08497073827663154 0.18959457248119077
0 0.9378976619483251 0.5468721166164562 0.12377115192846079 0.14306297771065535
0 0.9385479482106487 0.6996171342327824 0.12290410357869934 0.1618490252888229
0 0.957189487730517 0.8958096899703222 0.08562102453895154 0.1367046231457384
0 0.26838766625030347 0.15906402701251154 0.06582984491493649 0.054875057614703196
0 0.3134371223326426 0.13344667824889084 0.042470867687055554 0.03249358448438203
0 0.34028477797767404 0.1320309826593223 0.042167504346432835 0.03856085129681848
0 0.3697110220179921 0.12933441963157272 0.04520113775265158 0.02939253700246998
0 0.4016652938968243 0.127177169209373 0.049852708975519716 0.03424635045241911
0 0.4355914274896975 0.13176132635654736 0.04327983659538022 0.04368432104954266
0 0.4700231666502742 0.1358735849738654 0.04944822452135736 0.04516743071480493
0 0.5105221726232877 0.13951394506132725 0.04954934563489781 0.03788671053988107
0 0.5513751024936957 0.1471317356147196 0.04510001663911262 0.04961675971059174
0 0.5944021363052249 0.15892919886112403 0.04418992661724757 0.045976399623129736
0 0.6354067478459394 0.17099631841030383 0.04044844541624374 0.04718985298561698
0 0.3531444005471925 0.16165737909037411 0.050337483593836246 0.04163385452324172
0 0.38733081988632084 0.1650670482108121 0.06460425701882644 0.043787329757202315
0 0.43652426976211134 0.20212476786188724 0.05289473543416479 0.058682200125431426
0 0.5168758144292719 0.1773598026713381 0.05612494828510378 0.05796437504744432
0 0.5677516668315957 0.19153684796158058 0.05908597673180006 0.05940002520341816
0 0.6181564465264909 0.20365014615260932 0.0541060652532668 0.06711664479177791
0 0.0076455239671536345 0.9376817669092387 0.015291047934307269 0.12463646618152259
