0 0.30768436410012967 0.8568598608274689 0.24761805482484317 0.19421023907830906
0 0.3014804259073502 0.5756146627548084 0.2071575883501956 0.16399975744390818
0 0.2923093868397635 0.4713165713979391 0.16507870321656212 0.11796473781053148
0 0.3011290187004022 0.35630084886184477 0.13743828058232352 0.09874922036477979
0 0.31347267124600026 0.29415270768699564 0.10611856516812178 0.07467602734053085
0 0.30131325232048617 0.27179902845019244 0.10096002380578203 0.06730668253718855
0 0.30997223246441286 0.22782860445692002 0.07553578423425332 0.0520767032769486
0 0.30702449454307645 0.22070490448035612 0.09395914624260843 0.060428627387402865
0 0.3094195316041625 0.20007073903099915 0.09137987556143817 0.061411206694515066
0 0.3005763178401521 0.17968221840842027 0.07295651355308358 0.05109412396983659
0 0.29712128109200514 0.15017595739655612 0.05380241100078269 0.03300339588546419
0 0.29273801757596707 0.13963320593314388 0.05191159144484485 0.039879103361602476
0 0.37816868296698636 0.0919616340985845 0.02647147378313278 0.024752546914098145
0 0.425611064552341 0.08336699975341155 0.024408761540291268 0.02773202015375812
0 0.46763882650023675 0.13149695208638015 0.05861540623407961 0.04056667410921641
0 0.4811324024221583 0.14238348892359923 0.0618813672852454 0.041712625355239494
0 0.49823572476905204 0.15384300138382967 0.0747733188030056 0.048588332831377486
0 0.5370834720092345 0.1894820851351471 0.07924252866249482 0.057068372051948514
0 0.5791112339571302 0.15877059174172906 0.07907063597559123 0.052026186569447005
0 0.6011994442242268 0.13963320593314407 0.06652246983164259 0.03987910336160291
0 0.620537371500864 0.12313150799041182 0.05569323055672086 0.0398791033616026
0 0.5773923070880955 0.08359619000261614 0.02475254691409809 0.02727363965534888
0 0.7554731307200797 0.14341484504502 0.049848879202003225 0.03414934713148722
0 0.7538401501944973 0.14467539141564537 0.04280127903896212 0.01971036143159667
0 0.7521212233254626 0.1497175768981468 0.061709474598341314 0.021085502926824387
0 0.7551293453462725 0.1596873527385475 0.06635057714473533 0.02177307367443816
0 0.7550433990028209 0.17492850431065424 0.07236682118635629 0.04079586435842097
0 0.7469644427183592 0.197732934106513 0.08233659702675691 0.0520261865694473
0 0.7459330865969385 0.23841420334033095 0.09024366062431706 0.06279812828206391
0 0.7436125353237408 0.2929614826510293 0.11207403186105518 0.07792468472956815
0 0.9710360822567679 0.363716584832443 0.05792783548646471 0.07224076584986078
0 0.9335634765118144 0.25987048326754963 0.06274083071975985 0.06577760152172385
0 0.9186088127512129 0.23626388759947445 0.05002077188890499 0.024064976166484776
0 0.9115612125881702 0.2147200041742411 0.05861540623407976 0.048359142582173185
0 0.9280629105309024 0.2071567259504889 0.030768790955719112 0.039649913112397926
0 0.9513543696063239 0.22193949702418653 0.0220022639236485 0.028419590901371975
0 0.9730128481561613 0.2372952437208955 0.027502829904557703 0.040795864358421044
0 0.9789431458543283 0.17850794479991233 0.019767658993894495 0.019939551680801266
0 0.9909756339375696 0.1827479644101977 0.017704946751057195 0.019710361431596674
0 0.9707782432264135 0.1609748907357595 0.0185644101855763 0.01879360043477824
0 0.9245391104493814 0.14424400254382277 0.01993955168080135 0.017418458939550536
0 0.9179212420035983 0.13461801207722907 0.017361161377249426 0.01925198093318743
0 0.9020211684650282 0.12590878260745378 0.014438985699890737 0.01375141495227675
0 0.904943344142387 0.1213249776233615 0.016501697942732103 0.012834653955458233
0 0.3659222651451532 0.022314570016721467 0.026928484869803027 0.0137578551982794
0 0.06606287176003055 0.13925633920209599 0.019378442382942358 0.016106757305302807
0 0.09336885875417635 0.12465959039416565 0.01912677430004699 0.016442314749163262
0 0.13690743709507258 0.09949278210463007 0.012080067978977234 0.011744510535116558
0 0.14709999445233496 0.09311719067128134 0.0138417445592445 0.012415625422837522
0 0.8325148908331396 0.08774827156951368 0.01585508922240487 0.013086740310558544
0 0.8184214781910002 0.0822115737458159 0.015855089222405475 0.012751182866697932
0 0.8039505634245125 0.07533264614667617 0.016106757305302394 0.01241562542283748
0 0.8204109143862894 0.11348384972639274 0.014921400634865382 0.017459053804060425
