0 0.9237546992481203 0.30028195488721804 0.07260338345864653 0.09116541353383457
0 0.040883458646616536 0.4234022556390979 0.06343984962406014 0.12124060150375954
0 0.23472744360902248 0.26268796992481197 0.0704887218045111 0.11372180451127818
0 0.28477443609022546 0.35949248120300736 0.09022556390977461 0.13063909774436125
0 0.3542058270676691 0.3012218045112782 0.10502819548872182 0.13815789473684212
0 0.4363251879699247 0.2650375939849624 0.1085526315789473 0.12781954887218042
0 0.4958881578947368 0.2293233082706767 0.11912593984962395 0.1203007518796992
0 0.549812030075188 0.19971804511278193 0.10291353383458653 0.09868421052631575
0 0.5963345864661651 0.18796992481203006 0.08740601503759353 0.07706766917293227
0 0.6396851503759401 0.16729323308270672 0.09375000000000028 0.08646616541353375
0 0.668233082706767 0.15037593984962405 0.09304511278195485 0.09210526315789473
0 0.5871710526315789 0.10244360902255638 0.06343984962406012 0.05075187969924811
0 0.5484022556390977 0.1118421052631579 0.07189849624060152 0.050751879699248124
0 0.5103383458646615 0.12593984962406016 0.07612781954887218 0.054511278195488726
0 0.4638157894736842 0.14144736842105263 0.06343984962406012 0.047932330827067646
0 0.4127114661654135 0.16635338345864661 0.08811090225563901 0.06954887218045114
0 0.29675751879699247 0.23167293233082703 0.07330827067669177 0.08364661654135336
0 0.006343984962406012 0.44971804511278224 0.012687969924812024 0.10432330827067718
0 0.10150375939849625 0.22086466165413532 0.04088345864661656 0.06390977443609025
0 0.0045000000000000005 0.3048333333333333 0.009000000000000001 0.05433333333333334
0 0.06874999999999998 0.21383333333333332 0.032499999999999994 0.05166666666666668
0 0.10587499999999991 0.17799999999999966 0.03225000000000016 0.039333333333332665
0 0.14512499999999925 0.1568333333333322 0.03474999999999852 0.05233333333333112
0 0.17824999999999938 0.13466666666666613 0.034999999999998796 0.041999999999999024
0 0.19712499999999955 0.15883333333333283 0.044250000000000636 0.05233333333333429
0 0.23437499999999975 0.13633333333333308 0.04375000000000052 0.05066666666666709
0 0.2728749999999993 0.1139999999999997 0.04325000000000126 0.04600000000000054
0 0.2176249999999996 0.11416666666666636 0.031249999999999344 0.04366666666666605
0 0.25425 0.09699999999999999 0.03200000000000003 0.03666666666666667
0 0.2881249999999999 0.07816666666666665 0.03774999999999995 0.03499999999999999
0 0.31462499999999943 0.09599999999999977 0.044750000000001 0.04600000000000035
0 0.3213749999999998 0.06299999999999996 0.03675000000000027 0.029999999999999912
0 0.3502499999999999 0.05 0.03399999999999999 0.024666666666666674
0 0.3518749999999997 0.0811666666666666 0.060750000000000325 0.043666666666666715
0 0.38575 0.06416666666666666 0.048500000000000085 0.04166666666666667
0 0.4224999999999997 0.05483333333333332 0.04750000000000028 0.044333333333333315
0 0.4546249999999999 0.04633333333333333 0.0507500000000001 0.039333333333333324
0 0.4194999999999999 0.029666666666666664 0.028500000000000015 0.015999999999999997
0 0.3839999999999997 0.03816666666666663 0.03650000000000038 0.01566666666666671
0 0.025749999999999985 0.19642489405065722 0.024499999999999984 0.03884978810131416
0 0.013999999999999997 0.19399999999999998 0.021499999999999995 0.031333333333333366
0 0.014124999999999978 0.16849999999999987 0.019249999999999958 0.029000000000000314
0 0.35787499999999917 0.017666666666666594 0.02124999999999847 0.019999999999999858
0 0.32687499999999964 0.0273333333333333 0.028750000000000577 0.02200000000000005
0 0.3029999999999996 0.033999999999999975 0.03549999999999996 0.030666666666666682
0 0.2766249999999992 0.04566666666666661 0.02824999999999994 0.026666666666666748
0 0.32824999999999993 0.010333333333333332 0.02550000000000001 0.016666666666666666
0 0.30999999999999994 0.017666666666666667 0.022499999999999964 0.013333333333333332
0 0.2834999999999999 0.02416666666666666 0.026999999999999958 0.016333333333333328
0 0.2588749999999998 0.03783333333333332 0.025750000000000196 0.017666666666666653
0 0.2503749999999998 0.05883333333333324 0.028749999999999724 0.026333333333333157
0 0.23537499999999983 0.04983333333333327 0.02324999999999972 0.02233333333333322
0 0.22162499999999968 0.07033333333333323 0.02524999999999943 0.029333333333333142
0 0.21024999999999974 0.058666666666666575 0.01899999999999946 0.01866666666666647
0 0.1634999999999997 0.10166666666666643 0.02749999999999949 0.035333333333332856
0 0.15762499999999932 0.08466666666666627 0.01975000000000019 0.01933333333333348
0 0.13299999999999954 0.1164092357149605 0.023999999999999647 0.03815180476325493
0 0.1069999999999999 0.13583333333333333 0.027000000000000114 0.03766666666666675
0 0.08074999999999999 0.15320762579623884 0.0245 0.033081918259144194
0 0.05524999999999999 0.17463172341461128 0.02849999999999999 0.03993011349588922
0 0.037874999999999964 0.1671666666666664 0.023250000000000035 0.026333333333332928
0 0.032624999999999967 0.15466666666666654 0.019750000000000063 0.029999999999999714
0 0.06049999999999996 0.15083333333333326 0.022500000000000044 0.021666666666666546
0 0.08549999999999994 0.1309999999999999 0.020500000000000053 0.022666666666666654
0 0.10962499999999986 0.11399999999999982 0.019750000000000177 0.019333333333333327
0 0.134625 0.09899999999999999 0.018249999999999957 0.017333333333333326
0 0.0008749999999999999 0.18533333333333332 0.0017499999999999998 0.015333333333333315
0 0.29789658322518964 0.008993010495640094 0.020831910388634804 0.01798602099128019
0 0.25811104945017416 0.023563964210094927 0.02219793729936484 0.01616465177697333
0 0.2375352691073014 0.031418618946793264 0.021002663752475993 0.01866903444664528
0 0.2460729372993648 0.02060423923684629 0.015197049381872744 0.012977255651936337
0 0.24829273102930124 0.009220681647428449 0.017246089747968013 0.012977255651936335
0 0.22635092377569832 0.02606834687976684 0.014684789290349075 0.013887940259089755
0 0.21576421521753977 0.041663820777269295 0.01878287002253945 0.016847665232338414
0 0.19424929137354005 0.050998338000591927 0.017416843111809327 0.020035061357375393
0 0.17657631821596886 0.06238189559000977 0.015538556109555372 0.015026296018031546
0 0.15454913428044534 0.07126107050975568 0.018612116658698132 0.022311772875258984
0 0.1320950669353186 0.08549051749652799 0.01570930947339671 0.02117341711631724
0 0.11245843009357291 0.09698791066183995 0.017416843111809317 0.01866903444664524
0 0.09145576634109695 0.1103066730414589 0.017758349839491927 0.020718074812740392
0 0.07045310258862106 0.12499146233180788 0.016733829656444214 0.022767115178835694
0 0.07497806673041466 0.11110352207271813 0.015880062837237884 0.01593698062518497
0 0.007257017963253871 0.16324021583225184 0.014514035926507742 0.024588484393142505
0 0.01007444846663479 0.14309131889898224 0.014343282562666477 0.01753067868770348
0 0.018270609931015633 0.14468501696150074 0.015367802745714077 0.01935204790201043
0 0.022283313981285427 0.12396694214876026 0.013489515743460145 0.01889670559843367
0 0.03782187009084077 0.12134872390319419 0.015197049381872812 0.022767115178835676
0 0.0361143364524281 0.1119003711039774 0.015197049381872815 0.015253967169819908
0 0.06633768185233245 0.10689160576463351 0.01383102247114266 0.01661999408055005
0 0.08281538146301477 0.09425585684037975 0.016392322928761634 0.021856430571682236
0 0.06770370876306259 0.09619106163058078 0.015197049381872798 0.013432597955513043
0 0.07376545317942762 0.08514901076884547 0.011611228741206188 0.01274958450014799
0 0.06249573116590394 0.08890558477335336 0.009562188375110976 0.008423832616169217
0 0.06625230517041182 0.0737654531794276 0.009562188375110985 0.008196161464380838
0 0.07649750700088788 0.07467613778658104 0.007854654736698307 0.008196161464380847
0 0.09784167748104633 0.06135737540696216 0.009903695102793524 0.008879174919745925
0 0.10962365958609382 0.05395806297384056 0.010928215285841123 0.0100175306786877
0 0.12080800491769668 0.04769710629966077 0.010415955194317324 0.011611228741206146
0 0.12994330988320463 0.06591079844272929 0.01331876237961886 0.01616465177697333
0 0.14812854313229964 0.05748696582656009 0.014514035926507738 0.020262732509163755
0 0.18936548049996582 0.048038613027343274 0.014001775834983939 0.018213692143068547
0 0.180913188989823 0.036541219862031266 0.015538556109555372 0.016164651776973335
0 0.20891674065979096 0.03813491792454976 0.01622156956492038 0.01935204790201033
0 0.19926917560275925 0.030621769915533986 0.016392322928761693 0.017986020991280185
0 0.19218291100334667 0.02777588051817954 0.0104159551943172 0.014570953714454833
0 0.11653917082166514 0.06488627825968168 0.009391435011269706 0.011838899892994555
0 0.14445734580971237 0.04246066980852855 0.007171641281333212 0.01070054413405277
0 0.132419233658903 0.038704095804020656 0.005976367734444388 0.010017530678687705
0 0.1484700498599822 0.03176012567447577 0.008025408100539567 0.007513148009015773
0 0.13848097807526802 0.03016642761195728 0.005122600915238032 0.008423832616169209
0 0.12243016187418887 0.03335382373699427 0.005464107642920553 0.006602463401862341
0 0.17544908134690246 0.01661999408055005 0.007683901372857029 0.011383557589417838
0 0.18509664640393414 0.022539444027047332 0.010586708558158573 0.011838899892994565
0 0.21455160166655296 0.022539444027047346 0.013489515743459846 0.016392322928761735
0 0.23256608155180655 0.015140131593925736 0.01400177583498406 0.012977255651936352
0 0.20781725062025544 0.01795346584443518 0.015267514261409439 0.0200739539362976
0 0.22393296011840988 0.012016099187220394 0.011238586886870863 0.012722928551174535
0 0.2263185092217551 0.004877122611283572 0.01304100176495389 0.008623318240240518
0 0.2399956574142677 0.00622009840279644 0.010496416054718977 0.01244019680559288
0 0.19546540748515684 0.014843416643036962 0.012404855337395162 0.013005660296756191
0 0.18200030810183043 0.01123858688687084 0.008587976772042793 0.008057854749077204
0 0.16991352597821469 0.01675185592571314 0.005619293443435432 0.008906049985822178
0 0.17590390483772597 0.00933014760419466 0.006785561893959767 0.005089171420469816
0 0.15671348760637105 0.02049805155467009 0.005301220229656067 0.008481952367449695
0 0.1486026206549973 0.02318400313769582 0.008375927962856551 0.007916488876286378
0 0.13068449627875983 0.034069175342589596 0.008163879153670344 0.008481952367449695
0 0.18942201642334894 0.0054425861024468844 0.007951830344484066 0.007492391257913893
0 0.20241000598600611 0.004170293247329433 0.009118098795008725 0.008340586494658866
0 0.1969497491494605 0.08694001176635935 0.018978368422168684 0.027707711067002344
0 0.037426614821371766 0.1369835307343125 0.01569161187978193 0.017246636480480984
0 0.05030857997943597 0.14072972636326947 0.012192806528208928 0.02445629599281329
0 0.07676166892541972 0.06941064354029663 0.007633757130704737 0.0073510253851230625
0 0.12977387122198025 0.02502175948397659 0.008269903558263429 0.010178342840939632
0 0.14827512982347993 0.016186392434549828 0.005619293443435413 0.006078732530005613
0 0.15601491135877776 0.012581562678383711 0.006467488680180385 0.006502830148378097
