0 0.5590490797546012 0.7386503067484662 0.22914110429447845 0.3165644171779142
0 0.38098159509202456 0.5208588957055215 0.1822085889570552 0.26380368098159507
0 0.6142638036809817 0.41533742331288337 0.1941717791411043 0.22699386503067484
0 0.4619631901840491 0.28404907975460125 0.16932515337423312 0.1779141104294478
0 0.3529141104294478 0.20797546012269938 0.08190184049079746 0.10429447852760737
0 0.21901840490797547 0.1294478527607362 0.04969325153374232 0.052760736196319
0 0.19325153374233126 0.11717791411042945 0.023926380368098174 0.0282208588957055
0 0.20429447852760738 0.2950920245398773 0.10858895705521472 0.12147239263803676
0 0.1651840490797546 0.23312883435582818 0.06165644171779141 0.0809815950920245
0 0.11687116564417177 0.15214723926380366 0.03680981595092026 0.03435582822085888
0 0.10720858895705522 0.13680981595092023 0.02484662576687116 0.0282208588957055
0 0.10398773006134969 0.13067484662576687 0.027607361963190195 0.025766871165644183
0 0.09984662576687116 0.1214723926380368 0.023006134969325166 0.019631901840490792
0 0.12377300613496932 0.07791411042944786 0.01932515337423311 0.018404907975460114
0 0.14493865030674846 0.09018404907975461 0.023006134969325166 0.020858895705521477
0 0.17530674846625766 0.10736196319018404 0.030368098159509208 0.03558282208588958
0 0.09432515337423311 0.10920245398773006 0.02668711656441717 0.01963190184049081
