0 0.78258547008547 0.11965811965811966 0.04594017094017104 0.04558404558404559
0 0.9780982905982907 0.24643874643874647 0.04380341880341874 0.0712250712250712
0 0.1237842059306286 0.2630577660701536 0.015618238093233988 0.017149437906296063
0 0.15173953966053477 0.24477086544558277 0.013780798317559384 0.0162744665845463
0 0.1463584660317735 0.23637114075678464 0.014568272507134222 0.014174535412346785
0 0.1579737103280021 0.22937137018278622 0.013387061222772133 0.01557448952714648
0 0.1769387137269291 0.23173379275151043 0.012205849938409728 0.013649552619296533
0 0.16945770892596826 0.22560899349926203 0.011680867145359848 0.01224959850449725
0 0.18153231316611557 0.21817173726438874 0.01036841016273513 0.012424592768847234
0 0.17903864489912863 0.21624680035653918 0.009318444576635408 0.011024638654047507
0 0.21473747482652059 0.21764675447133883 0.014568272507134203 0.015574489527146476
0 0.198397385392843 0.21265941793736495 0.012599587033197145 0.01224959850449725
0 0.21204693801213992 0.20522216170249166 0.01364955261929687 0.015224500998446579
0 0.19190072332885072 0.2095095211790657 0.010105918766210245 0.013299564090596974
0 0.20226913349158587 0.20198476781201738 0.011155884352309969 0.014349529676696804
0 0.2090282869521031 0.194984997238019 0.011549621447097386 0.013999541147996801
0 0.22090602264485668 0.18833521519272042 0.01351830692103448 0.015399495262796492
0 0.22819015889842376 0.18369786718744657 0.009187198878372911 0.01032466159664768
0 0.23468682096241608 0.18229791307264684 0.015618238093233962 0.014874512469746684
0 0.2443333797847076 0.17083578875772445 0.018374397756745785 0.01609947232019632
0 0.2617890576536162 0.16523597229852569 0.017061940774121175 0.015749483791496422
0 0.2623796632957973 0.18238541020482188 0.015355746696709041 0.012599587033197145
0 0.251420647490881 0.1888601979857704 0.011287130050572464 0.011199632918397455
0 0.28167278094038045 0.16541096656287568 0.015880729489758955 0.01364955261929694
0 0.30195024132193216 0.16208607554022642 0.016011975188021454 0.015049506734096597
0 0.3142873369586044 0.16147359561500157 0.01653695798107126 0.022924248629844844
0 0.8679885476841366 0.0977176520608743 0.016880208609364046 0.024382523546859235
0 0.9009049544723966 0.09903055717493596 0.018005555849988183 0.01800555584998836
0 0.8459036080868853 0.07333512851401508 0.010409461975774548 0.013879282634366028
0 0.8393180989213087 0.0638116584952131 0.003464886434129255 0.005197329651193821
0 0.8390293583851313 0.06977896290954674 0.00952843769385538 0.010587152993172602
