0 0.1719305234009817 0.41458375231602757 0.16093395185350776 0.21737138254689264
0 0.2143617388669923 0.5224019891720686 0.17391403197736588 0.23527056394018353
0 0.45190672597476306 0.41661486509824497 0.16597999767182914 0.19126312032547282
0 0.7518132227240528 0.723609099160481 0.1666147204162722 0.3127067387622225
0 0.9315443651654514 0.3574037482963959 0.05875119617984268 0.12974222489715215
0 0.8793502221306805 0.302674211378864 0.06399683869589978 0.12099948737038986
0 0.7593561495758684 0.20930177459304297 0.0752749701054232 0.09302272728475057
0 0.7037523389056602 0.16471381320655534 0.07789779136345175 0.08497940876012931
0 0.96677726082807 0.14203730706700438 0.06644547834386003 0.08229685062850654
0 0.9171060086347431 0.07808896271319121 0.042668419916890625 0.04559983807911972
