0 0.26212080878259353 0.7106544484355579 0.1808959821662382 0.24161779138461298
0 0.43587616007384866 0.4944255668286626 0.15455498827185626 0.16291217107368813
0 0.5409227742791552 0.3708662059104368 0.1507466518051985 0.1273676973848835
0 0.6205804787067446 0.3033740207513373 0.11139384164973627 0.09140007519978349
0 0.649619044265009 0.24688369649591554 0.09076535245534054 0.0765898778294482
0 0.7061093685204308 0.20054893615158081 0.06601116542206598 0.05162411654802589
0 0.45555256515157977 0.18425771904421204 0.07077158600538795 0.04273799812582471
0 0.4017598125600405 0.21620543051450675 0.08568757049979701 0.0693963533924282
0 0.22102251107991308 0.32537774255869256 0.08981326833867616 0.09647785715532703
0 0.6489843215205662 0.6594534803838275 0.23421269269944525 0.21792147559207642
0 0.6978579728426726 0.4681903600583543 0.14217789475521875 0.1282139943774741
0 0.7294354293787089 0.41952828298439565 0.14757303808298403 0.11636583648120592
0 0.7373694636842457 0.3657884239548932 0.10568133694974961 0.07997506579981056
0 0.7619649700314096 0.30760550571429024 0.09711257989977014 0.07108894737760942
0 0.4055341528320473 0.09536706450136516 0.02801132910574495 0.021279924436922535
0 0.36107431070490553 0.09623563284572935 0.024754197814379354 0.019108503576012056
0 0.1994314302428999 0.15629843544987992 0.023923611419067327 0.0184673491655958
0 0.2218260890524779 0.15497933908090883 0.023024227531132445 0.023983570344929657
0 0.23072998954303306 0.1738064418016786 0.031118682522546168 0.022784391827683166
0 0.312304108178725 0.13459330428771862 0.035615601962220536 0.024463241751828235
0 0.13377640642365496 0.22932840715019073 0.025362625639763083 0.027820941600118373
0 0.09843061962781491 0.2543912381606422 0.026262009527697944 0.02854044871046632
0 0.02482299530700219 0.31327090335744445 0.02734127019321981 0.03741436973809023
