0 0.4895705521472392 0.5349693251533743 0.1766871165644172 0.28711656441717787
0 0.3703987730061349 0.6263803680981596 0.157361963190184 0.27361963190184047
0 0.2664110429447853 0.7337423312883434 0.138957055214724 0.30920245398773
0 0.17162576687116562 0.8024539877300613 0.11871165644171777 0.3312883435582822
0 0.06993865030674846 0.8423312883435582 0.09386503067484663 0.30552147239263816
0 0.026226993865030673 0.852760736196319 0.04877300613496932 0.27239263803680985
0 0.7785276073619631 0.32515337423312884 0.1435582822085891 0.19141104294478528
0 0.8484662576687115 0.27975460122699386 0.10122699386503058 0.12515337423312886
0 0.8673312883435582 0.24846625766871164 0.10030674846625771 0.1214723926380368
0 0.8898773006134969 0.22085889570552147 0.08098159509202446 0.1079754601226994
0 0.9565950920245399 0.17730061349693252 0.05797546012269933 0.0822085889570552
0 0.9865030674846625 0.1294478527607362 0.022085889570552127 0.03558282208588958
