0 0.5128264925373132 0.6977611940298505 0.17770522388059637 0.2537313432835826
0 0.7066231343283575 0.5438432835820897 0.1063432835820889 0.19589552238805952
0 0.8444496268656718 0.476679104477612 0.13572761194029814 0.13992537313432826
0 0.755597014925373 0.32742537313432835 0.06156716417910475 0.09888059701492548
0 0.5359141791044773 0.4356343283582089 0.1231343283582084 0.166044776119403
0 0.46245335820895517 0.3815298507462687 0.1273320895522388 0.15485074626865672
0 0.269356343283582 0.30130597014925375 0.10214552238805959 0.10634328358208966
0 0.12453358208955223 0.3442164179104477 0.10074626865671642 0.12873134328358207
0 0.23157649253731344 0.2733208955223881 0.08255597014925374 0.0802238805970149
0 0.18190298507462682 0.2639925373134328 0.08395522388059691 0.06902985074626865
0 0.013633287886182299 0.3909336969105417 0.027266575772364597 0.07762376526186705
0 0.0980122858844457 0.3034841385775528 0.0766411859547545 0.07958892387609141
0 0.08161549369701014 0.28800851449053505 0.0541646843045619 0.06337636530873929
0 0.13983331764341028 0.23716003534747657 0.057112422225898636 0.053059282584061195
0 0.03058278093386839 0.2408447077491475 0.036109789536374726 0.03979446193804548
0 0.022844968890359522 0.23617745604036436 0.029477379213367117 0.03340769644181616
0 0.9737932409546984 0.3209349518118245 0.04409391204447546 0.0829187402597368
0 0.9883525515354211 0.29933170768888984 0.02329489692915602 0.05690610450919766
0 0.9463385410024759 0.26255904938816355 0.04035008932372162 0.049362995873689794
0 0.9645376792283815 0.24425591608668337 0.015183281034182556 0.01719385249533005
0 0.9548661371997585 0.23413372873056168 0.016223231789948615 0.01913509390609306
0 0.937810944805197 0.22623010298674065 0.01663921209225478 0.022185616123006468
0 0.9304272944392592 0.2086202701891042 0.016015241638795294 0.01691653229379246
0 0.9043245304695344 0.24744509840436557 0.027454699952220524 0.03521966559527279
0 0.8242483222755598 0.25895388676817466 0.07238057260130534 0.05324547869521652
0 0.7767225727370557 0.16924080157076773 0.01767916284802018 0.02579077874299504
0 0.7322126803902722 0.11544068247247688 0.02183896587108237 0.028563980758370962
0 0.5488693621487407 0.19655684142221927 0.055741360509054996 0.04658979385831386
0 0.6024268260706853 0.11141953955018204 0.023086906778003645 0.019412414107630692
0 0.5865155795074662 0.10018807138791001 0.03119852267297838 0.017471172696867612
0 0.566756515147914 0.1150247021701706 0.03702224690526713 0.023294896929156827
0 0.5343100515680169 0.09880147038022212 0.023710877231463243 0.024126857533769572
0 0.4991597160231283 0.1176592440847775 0.03494234539373555 0.030227901967596282
0 0.4984317504940923 0.1004653915894475 0.02932661131259922 0.018025813099942917
0 0.5478294113929739 0.06302716438187414 0.01247940906919112 0.011924768666115986
0 0.4674412179722674 0.1290293723478184 0.03390239463796981 0.02800934035529564
0 0.4592256070017167 0.11447006176709543 0.033694404486816154 0.02274025652608163
0 0.41398774912589736 0.1209870865032285 0.03847817796333899 0.025790778742995048
0 0.3851811131911815 0.15440417078850704 0.05615734081135812 0.04548051305216341
0 0.3912128275746244 0.12320564811552925 0.032030483277591545 0.02856398075837086
0 0.42480323698586453 0.09242310574485771 0.02724670980106737 0.01580725148764211
0 0.4929366582330504 0.06045580393519268 0.012063428766884812 0.008319606046127435
0 0.48503303248922947 0.06101044433826784 0.01039950755765922 0.008874246449202596
0 0.4626740912402619 0.05976250343134873 0.014767300731876105 0.00970620705381533
0 0.4471788249793495 0.06766612917516977 0.017055192394561224 0.011647448464578413
0 0.4343874306834286 0.059485183229811146 0.013935340127263487 0.008596926247665025
0 0.42585983448614817 0.05754394181904808 0.011439458313425204 0.008596926247665006
0 0.4206600807073184 0.07293521300438384 0.021838965871084425 0.013866010076879052
0 0.41015657807408246 0.07224191250053988 0.017055192394561304 0.010260847456890482
0 0.37407028684900484 0.07723367612821636 0.020175044661858977 0.014697970681491795
0 0.3494234539373521 0.09290226751508968 0.022878916626850484 0.013311369673803898
0 0.3304963501824124 0.11980232706423498 0.03452636509142911 0.027732020153758058
0 0.3268565225372316 0.09290226751508968 0.021838965871084567 0.018303133301480354
0 0.31926488202014025 0.09317958771662725 0.021214995417624897 0.015529931286104491
0 0.29596998509098355 0.0952594892281591 0.023294896929156827 0.017471172696867612
0 0.3090733646136342 0.11938634676192869 0.031198522672978103 0.025236138339919823
0 0.2974259161490558 0.11439458313425213 0.017887152999174018 0.011370128263040822
0 0.26685136392953746 0.12091160787038534 0.027454699952220416 0.0199670545107058
0 0.25873974803456323 0.12160490837422928 0.02412685753376955 0.020244374712243385
0 0.25187607304650805 0.12063428766884776 0.0203830348130122 0.01996705451070584
0 0.347135562274667 0.08250275995743038 0.021630975719931264 0.007487645441514708
0 0.33798399562392695 0.07875893723667303 0.014975290883029329 0.010538167658428091
0 0.3277924782174212 0.07986821804282335 0.0145593105807228 0.01220208886765357
0 0.29285013282368566 0.10635229728966233 0.024542837836075932 0.010260847456890492
0 0.2716351374060607 0.10773889829735026 0.019551074208399497 0.013588689875341462
0 0.25936371848802264 0.10773889829735026 0.019551074208399393 0.010815487859965693
0 0.32477662102569965 0.15363539165181997 0.04305396128870938 0.03327842418450976
0 0.304705571439417 0.1525261108456696 0.042429990835249655 0.03216914337835937
0 0.32456863087454635 0.184695254224029 0.0601091536832702 0.044925872649088185
0 0.3245686308745463 0.21949893951699512 0.06385297640402832 0.04464855244755104
0 0.19534147044619835 0.17068659993311097 0.03369096663307828 0.027732020153758127
0 0.18365276773676326 0.16999902918549714 0.0309406836426227 0.02681525915693964
0 0.1652602502380931 0.1717179560545317 0.028534186025974257 0.0275028299045535
0 0.15632183051911297 0.1689676730640764 0.03334718125927127 0.032545015387055024
0 0.14145311310196385 0.17057200480850868 0.021486585862932617 0.02291902492046123
0 0.13698390324247403 0.16873848281487178 0.02526822497480852 0.02566930791091661
0 0.12718602008897686 0.16976983893629252 0.019767658993897826 0.0217730736744382
0 0.11833354671344837 0.17103038530691791 0.023377405418870442 0.02429416641568889
