0 0.018930103581271823 0.58017503532831 0.03786020716254364 0.17685503402042965
0 0.053852880877756 0.6044577902157822 0.08159527405720608 0.206272852816617
0 0.13055243849152978 0.6305682779140883 0.1018309020233932 0.2706787224724394
0 0.2372790569583546 0.6427531721732955 0.1429549201482254 0.34378808802769406
0 0.3932892209557326 0.7041128182643155 0.16253778592195464 0.3255107466388833
0 0.5532159581078567 0.7267102287577287 0.18864827362026193 0.3046223564802398
0 0.7176803517620668 0.733673025477279 0.18864827362026046 0.29591886058080147
0 0.8328928787308416 0.7062570133940578 0.16841264565407396 0.2671973241126643
0 0.9193838692314797 0.698859041879536 0.1377328226085627 0.23673508846463726
0 0.9634453172223709 0.6936369443398764 0.07310936555525643 0.20714320240656073
0 0.806154250441932 0.38888344987757506 0.0873267359196007 0.11938338581413792
0 0.7140374404001588 0.36284509823910044 0.11901491857397352 0.12429628234969935
0 0.6884289672085475 0.28866036055212724 0.08843213764009918 0.07909763422253513
0 0.6034972683500331 0.35228237068764456 0.1285950668183118 0.11496177893213173
0 0.514328196229599 0.33213949489184363 0.13522747714132163 0.11397919962501975
0 0.41152583622298067 0.32354192595461173 0.13522747714132116 0.11643564789280028
0 0.2958271228105149 0.3274722431830607 0.12196265649530606 0.10660985482167779
0 0.21863323599550974 0.3296830466240631 0.10538163068778711 0.09236245486855026
0 0.1712851956340389 0.316663870804826 0.12122572201497221 0.1233137030425858
0 0.09390707519895032 0.33680674660062737 0.0851159324785975 0.09776664105766851
0 0.15917784775218244 0.26114813995298486 0.09653841692377728 0.08990600660076956
0 0.1311743374994837 0.2584460468584262 0.06337636530873926 0.07172828941919304
0 0.006165868030936193 0.16227557933890466 0.012331736061872387 0.017180540101616362
0 0.08795799497192647 0.09110384600811842 0.021391787046105074 0.018455659412326127
0 0.13023823289834616 0.07600376103439715 0.011325063730290968 0.012415625422837522
0 0.15003936337606658 0.06587388945957721 0.011364805745683253 0.014016593753009373
0 0.1675127522100541 0.05640321800484117 0.011080685602041172 0.012880113178441031
0 0.17731489716570606 0.05185729570656782 0.009944205027472846 0.011364805745683302
0 0.18285523996672665 0.05185729570656784 0.009091844596546474 0.01022832517111498
0 0.1914498743118996 0.050626108417452166 0.014632187397567392 0.011933046032967435
0 0.22241896996888635 0.03329477965528521 0.012359226248430524 0.01022832517111493
0 0.25658441724184683 0.005208869300104828 0.011933046032967137 0.007387123734694121
0 0.25743677767277295 0.02017253019858779 0.011364805745683207 0.00928125802564133
0 0.2746260463631189 0.014963660898482955 0.0127854064638937 0.010607152029304377
0 0.2911050146943596 0.010228325171114931 0.010796565458398964 0.009849498312925491
0 0.3037483610864327 0.008997137881999242 0.01733132876216696 0.00966008488383076
0 0.5932835820895522 0.1753731343283582 0.07555970149253738 0.07089552238805971
0 0.7687190966765138 0.016037968029311317 0.020098213100022945 0.01989520084648746
0 0.864337868091775 0.06455789662431646 0.02070724986062969 0.01705302929698923
