0 0.8824283719922686 0.18247976491474596 0.027241461709603954 0.04224400583953084
0 0.9072269852333484 0.13480720692293896 0.02146745623854656 0.019937591541087
0 0.7779107974340029 0.0852234396609918 0.019919645914137335 0.025123877729542547
0 0.779593199960535 0.11259052075924351 0.025707110605406883 0.038224185402804006
0 0.7839674465295177 0.14013705812699193 0.027456809233 0.04091602944525499
0 0.7314091916006623 0.0631503185128937 0.023822819775691215 0.03337886612639221
0 0.7223915140584513 0.08674881795171402 0.0270530326266325 0.033558322395888976
0 0.7166040493671818 0.1016436883199428 0.02759140143512283 0.03750636032481708
0 0.6830905910386668 0.0889920213204232 0.031629167498799265 0.03768581659431381
0 0.6670741189860834 0.06099684327893293 0.02651466381814231 0.03553234136035299
0 0.6531438260663995 0.07355878214370419 0.03176375970092167 0.031943215970418375
0 0.6412324161785541 0.02180393674385299 0.02651466381814231 0.02709789669400659
0 0.6116894278126546 0.04019820436726806 0.027187624828755048 0.028713003119477186
0 0.5558336639317965 0.02386768384306541 0.030148653275451024 0.02799517804149025
0 0.5899527871698628 0.05455470592700665 0.03539774915823038 0.03086647835343797
0 0.4845203749534508 0.009491901857678408 0.03381490036797935 0.017204072117042116
0 0.4782356977469021 0.024174687543774692 0.037930529689082136 0.02906894943914012
0 0.42951554524303714 0.018242248882725683 0.03904286193802875 0.026992595907772966
0 0.38307567384951297 0.005265039311680991 0.03292503456882194 0.010530078623361982
0 0.3294612594502826 0.006229060594101454 0.03336996746840068 0.012458121188202907
0 0.366780006402444 0.09625381727552008 0.06551636946296 0.04508653382397242
0 0.4495375257240777 0.07044770909995691 0.05884237596927981 0.04449328995786751
0 0.47990419612032226 0.10292781076920023 0.0884304137912617 0.09788523790730858
0 0.5265665339636358 0.13555622340496976 0.06051087434269988 0.0560615453469131
0 0.6557083080663463 0.13911568660159912 0.032257635219453885 0.05546830148080817
0 0.6249523213829703 0.16929696828968596 0.0626243056156985 0.09477070761025784
0 0.6819037325290407 0.2033343351074546 0.05194591602581042 0.06792642266901111
0 0.7329041661432466 0.2348504154942775 0.05339194794944092 0.08409231802036964
0 0.8003115004294156 0.27659995257140985 0.0522796157004943 0.09818185984036105
0 0.07320646862191252 0.08039618001675804 0.021085039414655827 0.023121289326974617
0 0.049362639003469946 0.0991822275949249 0.01990270075589008 0.023909515099485093
0 0.018621833875560517 0.1192819847939426 0.020296813642145327 0.02154483778195363
0 0.13846797974136124 0.085137477466556 0.04030699973065046 0.03869471974142444
0 0.03770943752578632 0.16503490804375648 0.042098421940901604 0.03845586344672428
0 0.11142646147762038 0.32912918250276013 0.09494537714330997 0.1292212554327816
0 0.2282271895859942 0.4310013921923746 0.15047946566109502 0.1762759454887113
0 0.2955846646914368 0.25986085703971634 0.11357616812992177 0.10246935042636475
0 0.3482524776728199 0.29174817238218653 0.1271909769278303 0.11799500958187448
0 0.4211633616300411 0.32303834698790623 0.11572587478222317 0.12611612360167965
0 0.29276138328808093 0.4971848886093659 0.16669004524165756 0.21098176510864333
0 0.5888216590402735 0.41935847531852455 0.1075220329086342 0.1822754462641609
0 0.6865515068090144 0.48310368054292907 0.10867405468979825 0.19712372699916286
0 0.7877374199212471 0.5512009680517308 0.09523380057621893 0.20633990124847446
0 0.5060680944266639 0.6146901684358768 0.15014683881169993 0.23398842399640885
0 0.6097500547314185 0.7544688112171015 0.18624352128817015 0.35584672795952776
0 0.7339764034669297 0.8338528586721341 0.14592275894743223 0.33229428265573163
