0 0.9298041044776119 0.7117537313432838 0.12173507462686545 0.19216417910447695
0 0.14902052238805974 0.6007462686567164 0.19169776119402995 0.18656716417910474
0 0.9785447761194029 0.5746268656716415 0.04291044776119298 0.13805970149253782
0 0.8206623134328358 0.5046641791044777 0.12173507462686523 0.13992537313432843
0 0.9792444029850742 0.34421641791044777 0.0415111940298506 0.06529850746268644
0 0.6072761194029851 0.2621268656716418 0.11753731343283567 0.08768656716417912
0 0.8213619402985074 0.1958955223880597 0.04757462686567166 0.04850746268656717
0 0.7744869402985077 0.1595149253731343 0.048973880597014914 0.0466417910447761
0 0.30153917910447775 0.22574626865671643 0.11613805970149285 0.09701492537313436
0 0.5742750257010445 0.21746990029124022 0.09636075485059639 0.06634674924139612
0 0.6339081157930138 0.1837699641686269 0.07187564501151252 0.05370927319541547
0 0.90438275117664 0.16630154772874622 0.019528763728855827 0.023090613717137595
0 0.8721418676620186 0.14394786849194283 0.023581903370695937 0.0235819033706937
0 0.757917023210221 0.11619000306602204 0.03537285505604259 0.02898608955981111
0 0.8403751851568114 0.12570324281998177 0.02163097571993198 0.020244374712243555
0 0.8222800420064835 0.11322383375079063 0.019551074208401346 0.019135093906093196
0 0.8076167363501847 0.10587484841004477 0.02059102496416608 0.017193852495330144
0 0.7853617901767939 0.09297945903854728 0.021838965871085626 0.016361891890717326
0 0.7674746371776194 0.0836892322870383 0.020591024964166822 0.01774849289840521
0 0.7452196910042292 0.0728737444270726 0.021422985568778107 0.014975290883029424
0 0.7016457543376368 0.11377847415386588 0.05033361657907153 0.036883586804498186
0 0.6597357388802694 0.09589132115469193 0.04346994159101671 0.027177379750682795
0 0.7319083213304252 0.06649537979170825 0.02433484768492318 0.014420650479954202
0 0.718804941807774 0.060117015156343954 0.019759064359553637 0.01442065047995409
0 0.7071574933431957 0.05651185253635536 0.01767916284802161 0.012756729270728705
0 0.6962380104076535 0.053599990420210755 0.015807251487642632 0.011370128263040798
0 0.6748150248388756 0.04472574397100817 0.019135093906093827 0.013588689875341418
0 0.6582798078221971 0.0386246995371814 0.020175044661859834 0.012479409069191077
0 0.6390407188405282 0.08652390287972526 0.029950581766058727 0.020521694913781086
0 0.6044103586735226 0.08791050388741314 0.043469941591015616 0.02384953733223204
0 0.6244814082598051 0.07903625743821059 0.030782542370671413 0.0183031333014804
0 0.609922097679082 0.0714099518959271 0.028702640859139338 0.014143330278416699
0 0.5799715159130233 0.08028419834512962 0.034110384789121984 0.02412685753376974
0 0.5921389397554847 0.06641818826825065 0.030158571917211517 0.018025813099942813
0 0.5794515405351405 0.058791882725967144 0.02100700526647179 0.01719385249533012
0 0.5536607617921452 0.038131527711417396 0.018927103754940076 0.016916532293792447
0 0.45195357787823714 0.07737233622898515 0.08215610970550853 0.056573321113666565
0 0.36917349771926816 0.06045580393519267 0.04014209917256677 0.022185616123006503
0 0.36189384242890704 0.050749596881377326 0.03931013856795357 0.023849537332231982
0 0.060837119212306855 0.22989844707465476 0.08298807031012116 0.06988469078747035
0 0.07310853813034478 0.19953188500629007 0.07924424758936371 0.03799286761064772
0 0.11148272101810751 0.1733251259609886 0.041598030230636976 0.035496985796809634
0 0.12791394295920924 0.14587042600876743 0.0470057741606199 0.029950581766059102
