0 0.6291690622757703 0.8615143249961328 0.2724955772414481 0.2769713500077343
0 0.7085482086895826 0.7267145805056792 0.21957614629890684 0.272758857992406
0 0.9044290874022733 0.9157501596934635 0.19114182519545234 0.16849968061307263
0 0.9324684873792939 0.799485378463511 0.13506302524141234 0.2455882812796699
0 0.9455008845517042 0.6703724998006826 0.1089982308965843 0.17481841863606085
0 0.7717355889194845 0.5218821562604201 0.19904024772418638 0.18745589468203797
0 0.8056988057930546 0.43973856196154876 0.14217160551727825 0.1432247285211086
0 0.8416366282988108 0.3807636737469751 0.13822239425290547 0.13479974449045384
0 0.8649369747585848 0.34074499960137195 0.11373728441382051 0.08635608631419771
0 0.884683031080429 0.2859826034021248 0.08688264781611284 0.08635608631419647
0 0.8874474789654895 0.24859673676610075 0.07187564501151159 0.06845299524905883
0 0.9616926507356193 0.5319921354902655 0.07661469852875415 0.12553225884286048
0 0.018561292942533236 0.6845299524905866 0.037122585885066464 0.1874558946820401
0 0.29500608144834695 0.47337879022233664 0.11768649567819046 0.16323406559391038
0 0.4782494841150576 0.31225097063609014 0.11452712666669662 0.10215293137167442
0 0.5264298615403574 0.27591822700389795 0.0939912280919779 0.08214359429887134
0 0.5644019975401225 0.24643078289661105 0.10820838864370685 0.08214359429887158
0 0.624430008758528 0.21799646179315604 0.07819438303450327 0.06318738022990099
0 0.6512846453562358 0.20061993222993343 0.08767249006898843 0.07266548726438597
0 0.6888021523677391 0.1937746327050277 0.06792643374714472 0.052656150191584074
0 0.5805937637240357 0.11794977642914743 0.0331733746206978 0.04423116616093029
0 0.4866025356320589 0.11110447690424156 0.034753059126445295 0.03896555114177195
0 0.43842215820675956 0.2248417613180622 0.0774045407816283 0.07266548726438578
0 0.3562785639078885 0.27855103451347746 0.06634674924139529 0.07687797927971227
0 0.26584162595384386 0.34805715276636673 0.07029596050576356 0.07055924125672147
0 0.18403324491958473 0.38596958090430794 0.06634674924139576 0.1232153914483062
0 0.10781346751726736 0.45494913765528205 0.06713659149426951 0.13690599049811925
0 0.009873028160921936 0.4323069930728976 0.019746056321843872 0.05581551920307826
0 0.07227056613794833 0.32541500818398644 0.06713659149426868 0.06108113422223813
