0 0.45772914439826534 0.03170274456929276 0.02638276346006215 0.015199946026373241
0 0.503247554195101 0.02920561057924572 0.03371130886563506 0.013245667251553824
0 0.5008861340088607 0.09771393874097088 0.03452559168847656 0.028228471191836007
0 0.3628651955372396 0.09738822561183426 0.03859700580268346 0.02193135069519565
0 0.3292353149538888 0.11399959519779944 0.043645559304300405 0.0247541978143791
0 0.29446543841856077 0.13549666172081293 0.050648391580737945 0.03257131291365687
0 0.2516341619371015 0.1600337174491011 0.04576269464368861 0.03821700715202412
0 0.20693003496310727 0.1956450195680327 0.04299413304602764 0.03734843880765988
0 0.17688299880025876 0.21497066523013594 0.05292838348469322 0.04646840642348362
0 0.1425202636763507 0.24211342599151675 0.0447855552562788 0.04212556470166275
0 0.11043752045639858 0.2734904574316728 0.05032267845160046 0.045382695993028556
0 0.07320402577344402 0.31463888274592616 0.04967125219332695 0.04994267980094038
0 0.019949929159614875 0.36838154905346004 0.03989985831922975 0.054936947781034744
0 0.42985990217798853 0.1730622426145633 0.0623740642296552 0.04820554311221227
0 0.5235838550870366 0.1796850762403407 0.05406837943667328 0.05146267440357784
0 0.63807201997854 0.15949086223387368 0.036479870463296864 0.04494841182084632
0 0.7363559566955032 0.21670780191886443 0.04934553906419394 0.0786054351649592
0 0.7925414714715625 0.24428484685242752 0.055208375388650796 0.0651426258273149
0 0.8294284833462754 0.12909097018112717 0.021822779652151788 0.02540562407265272
0 0.9214424423273558 0.1285481149658995 0.030291321009702495 0.02649133450310789
0 0.9242110039250168 0.17469080826024702 0.02149706652301513 0.024102771556106642
0 0.9778515072187135 0.33320453110671017 0.04429698556257309 0.08446827148941762
0 0.8505791020086002 0.43330703279468336 0.08224256510698522 0.15178231817764246
0 0.7697094177409263 0.4138174448575822 0.08414310121549687 0.16289999298550428
0 0.5858818138002092 0.36558158289721865 0.09060655255008115 0.16722472505734318
0 0.5005209037661834 0.33378981007262526 0.09537531847376716 0.14306297771065596
0 0.3622266919792178 0.29754718905259475 0.1077741098753577 0.12907459766783505
0 0.22142887808231693 0.27894900195020966 0.09561375676995358 0.10332326167991748
0 0.10944317794865123 0.39991669754777404 0.10014408439745859 0.1392479649717047
0 0.13960562241598043 0.41597154282419024 0.10992005454101958 0.12494166720064066
0 0.19051219865135527 0.43234430582885386 0.13066418630906448 0.14687799044960714
0 0.23450406429738158 0.4719250629954692 0.16046897333211746 0.19424773195824657
0 0.29466204642471233 0.5219812093077877 0.15448417209788814 0.24549606975148397
0 0.3884279063992361 0.5534550644041314 0.15422188997208397 0.21542105265942252
0 0.6568651406122072 0.6096196517447846 0.12629998794160696 0.27878927104167295
0 0.7845719269223436 0.664532689980266 0.11573978828093721 0.2985016437415882
