0 0.6777272727272725 0.5822727272727272 0.19090909090909072 0.24818181818181792
0 0.5682954545454546 0.6572727272727272 0.20386363636363658 0.3090909090909096
0 0.31806818181818153 0.8231818181818176 0.21204545454545395 0.3536363636363632
0 0.1902272727272728 0.8663636363636364 0.1513636363636366 0.2672727272727274
0 0.059318181818181805 0.9009090909090902 0.11863636363636361 0.1981818181818188
0 0.15306818181818063 0.43749999999999567 0.07304545454545387 0.14245454545454556
0 0.2968863636363621 0.3606969696969671 0.06895454545454434 0.12284848484848382
0 0.21790909090908855 0.3037121212121184 0.05586363636363558 0.08403030303030067
0 0.3258636363636363 0.2427575757575753 0.06263636363636463 0.1018787878787884
0 0.3628977272727258 0.3161818181818155 0.08829545454545203 0.11703030303030049
0 0.4934545454545436 0.2752575757575751 0.08104545454545839 0.07372727272727371
0 0.43826136363636237 0.21480303030302966 0.06756818181818182 0.08493939393939356
0 0.5558863636363621 0.2640909090909071 0.09840909090909132 0.07727272727272676
0 0.5220227272727267 0.1918787878787871 0.0755909090909104 0.06636363636363612
0 0.48395454545454314 0.20745454545454453 0.0638181818181828 0.06400000000000027
0 0.328954545454544 0.16834848484848422 0.036545454545455165 0.0431818181818182
0 0.28805681818181794 0.18118181818181786 0.03815909090909137 0.048848484848485
0 0.27528409090908995 0.16024242424242402 0.038795454545454716 0.045454545454545595
0 0.20590909090909093 0.19 0.031363636363636385 0.04363636363636367
0 0.2342840909090896 0.14313636363636256 0.024568181818181847 0.027424242424241855
0 0.28949999999999937 0.12293939393939375 0.022727272727273887 0.026363636363636683
0 0.10227272727272708 0.2336363636363614 0.03640909090909073 0.050909090909090654
0 0.08779545454545427 0.27525757575757337 0.04131818181818167 0.05051515151515311
0 0.03738636363636353 0.2755454545454525 0.03495454545454537 0.05775757575757555
0 0.07348863636363596 0.220969696969695 0.026977272727272742 0.032969696969696254
0 0.207079545454545 0.15275757575757537 0.022840909090910064 0.027878787878788554
0 0.03437499999999998 0.3938333333333317 0.03775000000000003 0.09499999999999695
0 0.00575 0.3214999999999999 0.0115 0.03300000000000004
0 0.010749999999999997 0.295833333333332 0.021499999999999995 0.03166666666666433
0 0.022374999999999933 0.25283333333333274 0.03074999999999991 0.043666666666667686
0 0.039749999999999924 0.22683333333333272 0.02499999999999987 0.03300000000000099
0 0.07599999999999989 0.1793333333333329 0.024000000000000247 0.0413333333333325
0 0.04324999999999988 0.1961666666666662 0.02550000000000019 0.03833333333333245
0 0.09449999999999989 0.16766666666666633 0.020500000000000136 0.02866666666666609
0 0.08587499999999977 0.19616666666666627 0.024750000000000355 0.029666666666665974
0 0.11649999999999977 0.1843333333333329 0.03850000000000042 0.04866666666666584
0 0.12362499999999979 0.15783333333333294 0.021250000000000407 0.01833333333333262
0 0.1628749999999999 0.1251666666666666 0.011750000000000139 0.015666666666666475
0 0.20512499999999853 0.13549999999999904 0.020750000000000653 0.021000000000000744
0 0.22987499999999772 0.12966666666666518 0.019750000000003008 0.01800000000000208
0 0.2614999999999993 0.1321666666666665 0.024000000000001073 0.027666666666666916
0 0.27374999999999927 0.11383333333333283 0.018999999999998934 0.02633333333333242
0 0.28574999999999995 0.09449999999999999 0.01900000000000002 0.01966666666666667
0 0.3058749999999994 0.0889999999999998 0.022749999999999965 0.02399999999999982
0 0.3264999999999997 0.08583333333333332 0.017999999999999926 0.01700000000000004
0 0.24637499999999934 0.10766666666666631 0.018250000000001033 0.02066666666666731
0 0.21524999999999966 0.10899999999999992 0.018499999999999954 0.024666666666666517
0 0.19924999999999993 0.07783333333333334 0.0075 0.007666666666666666
0 0.13949999999999996 0.09149999999999998 0.010499999999999989 0.007666666666666675
