0 0.5982905982905983 0.32763532763532766 0.1581196581196581 0.20227920227920226
0 0.5790598290598291 0.7464387464387465 0.24572649572649574 0.3504273504273503
0 0.7548076923076923 0.9323361823361823 0.17628205128205138 0.12108262108262097
0 0.3867521367521367 0.4779202279202279 0.17735042735042733 0.24928774928774927
0 0.47542735042735046 0.23290598290598288 0.10897435897435898 0.15242165242165243
0 0.3830128205128205 0.17735042735042733 0.09294871794871795 0.10968660968660966
0 0.2857905982905983 0.30484330484330485 0.11431623931623931 0.14814814814814814
0 0.23557692307692307 0.2257834757834758 0.06303418803418805 0.07834757834757838
0 0.18862226436913584 0.14503850352912498 0.048586867113952936 0.05405417912465255
0 0.1733034750561379 0.1095525538747729 0.0396122228699744 0.03672383161903875
0 0.18521808896624742 0.0385806545660688 0.02011558192615883 0.021869248042798356
0 0.17330347505613794 0.03301018572497865 0.0136167016115537 0.01650509286248933
0 0.14297536692131377 0.06395723484214613 0.016711406523270453 0.01815560214873825
0 0.1567468037784533 0.02723340322310739 0.014545113085068718 0.012378819646866992
0 0.14684374806095973 0.020837679738892775 0.008355703261635235 0.007839919109682429
0 0.13740489808022363 0.052816297159965844 0.01361670161155372 0.014029328933115934
0 0.13156508834328018 0.04377512374725123 0.012549960902087189 0.011115679656134364
0 0.12322832860117941 0.02608565504716644 0.009143542942949221 0.004661414049346671
0 0.1251108227364925 0.03014945191069943 0.007171406229764088 0.009203304661530605
