0 0.47323102341116374 0.1923456683797812 0.10612729877631377 0.08178397487621053
0 0.5199989855837781 0.2409123983282643 0.12303571586949215 0.08921888168313767
0 0.561460582817574 0.2922372388664133 0.1469593272885574 0.10984475217977724
0 0.6660878891455895 0.4313282762319065 0.15873280201195683 0.13981893872546447
0 0.7342017385760543 0.5555053702141092 0.1709430175513362 0.18323303842104324
0 0.8072236158213775 0.6956914134590575 0.15827791162911567 0.21244178931916985
0 0.46917150893661214 0.09090957168611054 0.05074046113203926 0.05389382312329648
0 0.42543396859034965 0.09680676813729168 0.05074046113203954 0.05618717729875564
0 0.3777649639433006 0.10614399585166247 0.04656328031245283 0.0545490671734278
0 0.28494554896689434 0.13571188361383585 0.04742328812825034 0.0642139169128639
0 0.18476508137855985 0.23572751637080974 0.11030460245415999 0.08820403969829461
0 0.17153447542381556 0.27814473995605726 0.11506167425811292 0.12189996497629477
0 0.17791935773568304 0.3946890349264016 0.1239350997574236 0.11512113765566241
0 0.14037091229264134 0.5987304209203667 0.2023508043265091 0.1843994731290394
0 0.1705323353312294 0.7311878765608669 0.2176784794258858 0.22106692596552835
0 0.18981142771194381 0.9039550670487964 0.2618451274253404 0.19208986590238608
0 0.813622086422278 0.09981071770559014 0.028920834262668817 0.01405498487531574
0 0.824974189590803 0.10981138002071855 0.029191122433347916 0.013874792761529572
0 0.8341639873938916 0.11882098571002345 0.01702815475278589 0.014235176989101716
0 0.8494352690372626 0.1320651060733016 0.028109969750631018 0.024866511702481543
0 0.8665985678753895 0.13476798778009308 0.02783968157995099 0.029551506660920053
0 0.8830861462868167 0.14539932249347284 0.01810930743550202 0.021983437881903985
0 0.777133183380591 0.10035129404694836 0.02756939340927284 0.022704206337048238
0 0.7601726006704734 0.08548544465959532 0.027434249323934123 0.018559787719968048
0 0.7115883019908966 0.11080243664654202 0.042705530967304665 0.04612918112924108
0 0.7790252005753436 0.1305334731061198 0.03162371596946016 0.010631334713379723
0 0.7310490502797953 0.1504447016794837 0.04027293743119305 0.0353176543020752
0 0.754361405000871 0.19152850362271395 0.06067969431746893 0.050093407632535045
0 0.8188927057505166 0.2442346969051477 0.06865319535250301 0.058202052752909864
0 0.7236161255861181 0.26675871112840954 0.09081682534819317 0.07081550071793606
0 0.6503004592893938 0.182428801876516 0.06554488138969577 0.052796289339326744
0 0.10642649676710957 0.04124764260956271 0.016047999724299444 0.007106971306475476
0 0.15342421024541525 0.021015237734201647 0.01192137122376553 0.01314407596466431
0 0.17093372423032036 0.003553485653237738 0.006591142743908732 0.007106971306475476
0 0.17136358136579283 0.020059999655374316 0.023613485308612053 0.013373333103582881
0 0.1676381528583661 0.021932266289875924 0.016850399710514403 0.009934476019804427
0 0.1708764099455908 0.025906056697797705 0.012322571216872831 0.009475961741967303
0 0.16918563854606639 0.029115656642657594 0.009628799834579703 0.010698666482866303
0 0.1693862385426201 0.031637485170761794 0.004527828493641656 0.009934476019804421
0 0.16058849583662024 0.0334715422821103 0.018684456821862944 0.015283809261237579
0 0.1600440101316887 0.03939401837083987 0.017251599703621952 0.00878819032521159
0 0.15075909600548684 0.04336780877876163 0.023326913884963874 0.011844952177459121
0 0.14941221031434027 0.04661561824677462 0.019716113946996447 0.0113100188533158
0 0.14815129605028818 0.0512007610251459 0.01925759966915935 0.011462856945928185
0 0.1421619532960407 0.05570948475721104 0.02103434249577822 0.015436647353849869
0 0.1353128962708486 0.06193763703116531 0.023269599600234184 0.016735771141055133
0 0.1251396107313373 0.07588411298204459 0.03433125655305494 0.02246719961401922
0 0.11777472514357847 0.08898997942355581 0.031408228031843226 0.01734712351150467
0 0.11218658238243848 0.09827489354975764 0.03513365653926988 0.019410437761771728
0 0.1003225254434028 0.11818205511251961 0.046137999207360926 0.03064403756878134
0 0.09410392555023676 0.1257857502199853 0.040463885019126504 0.034388570837784564
0 0.08585066854916848 0.1440881118103173 0.04057851358858578 0.021320913919426428
0 0.07136677565514091 0.16318637776792827 0.049862854571940306 0.04040809911532296
0 0.054452934762859256 0.2001584014527583 0.06419409086859051 0.06377452164722718
0 0.02164262165224632 0.20032622914130363 0.0007552245984540074 0.00011188512569688669
0 0.12885405803489164 0.0393985576621904 0.01096995409725329 0.014374422610193949
0 0.13648258933240684 0.03902028338297479 0.010339496965227237 0.010423557916164039
0 0.13115522656678674 0.045030641374956444 0.013428736912154949 0.011011984572721668
0 0.12327451241646106 0.05276424886114267 0.013807011191370488 0.012525081689584194
0 0.10603150985554859 0.052385974581927036 0.020552902504049245 0.009246704603048732
0 0.11394374686247552 0.06032973444545528 0.01746366255712159 0.014374422610193944
0 0.10637826127816292 0.0728968466105079 0.016328839719474714 0.01815716540235026
0 0.0997899842484907 0.05923694208327679 0.021309451062480497 0.009498887455859096
0 0.09490394147528884 0.06356608105652235 0.018850668247578875 0.009246704603048682
0 0.08683409018535537 0.07335918184066031 0.024524782435813366 0.01891371396078152
0 0.08828414158901529 0.09269320055612586 0.020615948217251844 0.019081835862655102
0 0.06079621063267949 0.09723249190671343 0.027172702390322757 0.013197569297078644
0 0.07419342468823306 0.10731980601913023 0.021813816768101332 0.020090567273896826
0 0.05061432795045875 0.10744589744553545 0.025596559560257633 0.008406095093680585
0 0.04229229380771491 0.11807960773904147 0.035683873672674435 0.025638590035726026
0 0.06013423064405217 0.13039453705128365 0.027740113809146195 0.03026194233725037
0 0.020773562500258354 0.14434865490679363 0.03978184503084377 0.03211128325786006
0 0.008006805576730837 0.1710380068292298 0.016013611153461674 0.017232494942045568
0 0.0038773113619602075 0.18305872281319296 0.007754622723920415 0.0180731044514136
0 0.02156163391529092 0.18667334370347582 0.03316204514457026 0.039424585989362174
0 0.9907993028264264 0.3055138828772548 0.01840139434714743 0.03930907179533968
0 0.9745744174880803 0.3177814791086863 0.0239415990968256 0.030075397212541995
0 0.991096099509444 0.3416571233870637 0.017807800981110216 0.02928393939115894
0 0.9713096539748759 0.35656291235643756 0.03798997542636833 0.050125662020902746
0 0.9114556562328094 0.3404699366549896 0.07696927312946453 0.08811563744727134
0 0.9842697758000163 0.41249259840081187 0.02869034602512154 0.04115580671189931
0 0.9247036708404822 0.18820251714431147 0.03136349481684192 0.034795124020720464
0 0.9366744703888952 0.19538499687335928 0.028490502925222927 0.03894500119750365
