0 0.04768765923688514 0.741988711578134 0.09537531847377027 0.1369936392623245
0 0.037933365302067715 0.4456026840179785 0.07586673060413543 0.09219614119131112
0 0.017340966995230953 0.37031398564701684 0.034681933990461905 0.08208057711075972
0 0.05494918916613809 0.3522504783603182 0.08171930696502588 0.10433481808797289
0 0.11856886182989164 0.33751065641437206 0.08887245585055864 0.11473939828511154
0 0.19519425974006846 0.29964954514145103 0.07608349269157583 0.10086662468892672
0 0.2615234584968269 0.28144152979645853 0.07218177511764882 0.09855449575622927
0 0.3255766553354612 0.2727710462988431 0.07630025477901625 0.11300530158558839
0 0.40805462960652844 0.2560081115367865 0.060910146570748724 0.09797646352305499
0 0.5588126614213176 0.2399677170661979 0.07023091633068532 0.0878608994425035
0 0.6875693413609073 0.2398232090079043 0.09147360089984317 0.08872794779226507
0 0.7809938010477143 0.24863820056381328 0.08713835915103559 0.07745631924536493
0 0.8637924398944165 0.26861016964516643 0.08348027499770282 0.0797780024298504
0 0.3134028048473443 0.1115075411737471 0.06883225309375718 0.041633636529115864
0 0.6065096839154627 0.058680433023056304 0.053029704922122105 0.029984322171820666
0 0.691828249284434 0.08137127142335303 0.04102584621482221 0.03484664468617
