0 0.7542735042735044 0.28632478632478636 0.12393162393162399 0.11680911680911685
0 0.9871794871794871 0.3226495726495726 0.025641025641025692 0.05270655270655276
0 0.35202991452991456 0.15954415954415954 0.04380341880341881 0.05128205128205128
0 0.2409188034188034 0.21438746438746434 0.04380341880341884 0.04131054131054132
0 0.3205128205128205 0.17307692307692307 0.04059829059829059 0.04700854700854702
0 0.2483974358974359 0.1673789173789174 0.039529914529914514 0.027065527065527083
0 0.6201923076923076 0.1047008547008547 0.03952991452991448 0.024216524216524215
0 0.7446581196581196 0.12678062678062677 0.034188034188034205 0.03133903133903134
0 0.02670940170940171 0.3069800569800569 0.038461538461538464 0.052706552706552647
0 0.5754024851739783 0.08809477625050073 0.014637954232420185 0.01679393198758288
0 0.5758714357414358 0.08174252225142645 0.01696037573339211 0.015382666362844005
0 0.542443718452948 0.07589185000231057 0.020707435488443907 0.01262167496438483
0 0.5495434106204145 0.07102724610978724 0.014396598006251508 0.010255110908562673
0 0.5521071883475551 0.06747740002605401 0.016763162062073532 0.011306917155594745
0 0.5801608330926136 0.07418266485088344 0.008776008373673604 0.008677401538014565
0 0.5824780937306062 0.07083003243846873 0.009269042551970016 0.009334780442409629
0 0.5858307261430208 0.0658339527650664 0.010255110908562627 0.010386586689441675
0 0.9046268213570928 0.16561360224520538 0.018568229470300394 0.02288206055936021
0 0.9642702251101792 0.20556342928736704 0.02419496567342193 0.02400740779998447
0 0.896890059077801 0.15417257196552525 0.010972135596086617 0.015754861368739822
0 0.9171463094090379 0.17124033844832673 0.02110026076170513 0.01612997711561455
0 0.9106367794295542 0.15868187513982307 0.012742581317353296 0.010766987314659233
0 0.8990425121262702 0.1500880412281225 0.010890461939827673 0.013137700117887388
