0 0.5497945025071109 0.025628491586049365 0.037227156750486864 0.02167785454314058
0 0.5696236615109417 0.03277002777899996 0.03616352370047316 0.019955781985975207
0 0.6010008364863498 0.04006351155052393 0.05044659608637384 0.02522329804318693
0 0.6221595368026971 0.05348554765784222 0.04064597726838723 0.02714796737178355
0 0.6506876946798592 0.06437512412227037 0.041177793793395964 0.028262249614655253
0 0.6808492890266777 0.07678417637243254 0.04999075335065208 0.027958354457508473
0 0.7161771010450014 0.09815813575842655 0.0515102291363888 0.03363106405758251
0 0.7564432093669526 0.11943079675870455 0.04664790662203794 0.03565703177189472
0 0.7870606464495009 0.13857619165895416 0.04330505989342514 0.0382907898005013
0 0.8176780835320404 0.15767093736634682 0.0536374952364151 0.04953491061493354
0 0.8547912795985961 0.1863383805238651 0.04687582798989929 0.04771153967205242
0 0.7222702271149799 0.2790551971156091 0.12181671029707848 0.12919954122417288
0 0.6116710769853637 0.3391297266535564 0.14365414704003868 0.16789208954473572
0 0.5930082145296844 0.7495142894263384 0.22810031267045988 0.3476545730712506
0 0.10713802564824627 0.6362171219924542 0.10368196030475442 0.2626609661053783
0 0.21408404766629843 0.5786160329342569 0.1224983160637652 0.25088474345347994
0 0.010437625274603702 0.2219046793747549 0.020875250549207403 0.03020249015630007
0 0.03582844420502261 0.20048657361031988 0.022503816194890235 0.03000508825985345
0 0.045155683812115335 0.22595141825190632 0.03079469584563925 0.04461282859688762
0 0.01895058205885495 0.23819033583158336 0.029906387311630468 0.03908557549638829
0 0.020875250549207428 0.26434608711073254 0.041750501098414855 0.047179053250690155
0 0.1370956170820288 0.3159666830314674 0.0544829234192081 0.08646203064352549
0 0.20018326469602607 0.2739551546319663 0.05506044632286102 0.08418130460028522
0 0.20085622570663883 0.21171645752923585 0.04490485288997788 0.0709667974827987
0 0.17020591058691237 0.16236598341763442 0.03450454636232579 0.055794585607165645
0 0.17369307218736058 0.13626325330901873 0.02557251840328425 0.025450161855900114
0 0.17803672961949746 0.1068976819368262 0.023737170192522285 0.033933549141200316
0 0.20581166587569605 0.12484330888649943 0.027652579708814608 0.0375226745311349
0 0.23744083337449542 0.110323665263582 0.025327805308516093 0.03458611739391565
0 0.26943707051544696 0.09392788791410787 0.027407866614046313 0.032465270572590764
0 0.2742089758634282 0.1122813700217283 0.02789729280358301 0.03850152691020802
0 0.29745671986641414 0.08087652285979992 0.03377040707802178 0.029202429309013622
0 0.3292082439125973 0.0730457038272154 0.031200919582954546 0.0340966912043792
0 0.3087747004994466 0.0998010021885464 0.030956206488186234 0.036380680088883045
0 0.32969767010213374 0.10265598829417616 0.000856495831688946 0.00032628412635769875
0 0.35741142808464005 0.06264655226067742 0.030589136846033243 0.028060434866761776
0 0.38848999112020877 0.05310274156471491 0.02887614518265504 0.02822357692994068
0 0.3739295619814969 0.07553477525180644 0.034504546362327235 0.03328098088848494
0 0.4168767101133311 0.047229627290276396 0.03279155469894872 0.023981883287290597
0 0.4434892591693803 0.03825681381543977 0.030222067203881917 0.016803632507421295
0 0.47083594750973456 0.05310274156471481 0.03621753802570397 0.031812702319875284
0 0.4425715850639992 0.057426006238954316 0.04380364396352033 0.03523868564663106
0 0.4097188520913588 0.06460425701882354 0.032179771962027134 0.0336072650148426
0 0.563276319058449 0.09046227403267101 0.053714524301635945 0.04421149912146773
0 0.5263858200221321 0.09364354426465855 0.05554987251239794 0.047637482448223495
0 0.6626910138080594 0.09323568910671146 0.05750757727054415 0.036706964215240626
0 0.6199274004973041 0.12121455294188375 0.07427042426216995 0.05187917609087349
0 0.48321231227764017 0.10308131261955493 0.05760546250845169 0.05024775545908508
0 0.44054658420479215 0.11223358236388835 0.05948975333816646 0.05778491877794764
0 0.4951237221654863 0.15629009652533615 0.08223583549687669 0.06155350043737906
0 0.39242987194598117 0.12452633682441448 0.054240657455389474 0.05006829918958824
0 0.34915847896358104 0.13753691636292764 0.04333868908345977 0.05527253100499346
0 0.38072035036131907 0.18679766233977993 0.06393129600820947 0.06837283867825508
0 0.3167890543531077 0.20922969602687247 0.05989352994453366 0.07411543930215
0 0.2529923505470188 0.18554146845330366 0.04562675651954413 0.07124413899020292
0 0.06368524521711824 0.17832290164737305 0.02524994205108963 0.02981050427177108
0 0.08938012016778675 0.16097051856380507 0.02925433814729771 0.03692943066503008
0 0.9285840456526989 0.24808991282423543 0.04538315575702322 0.05561661244733441
0 0.9872587396938843 0.21654012539956555 0.025482520612231375 0.03896533575098106
0 0.991556387019361 0.31867245007557915 0.0168872259612786 0.04260569583844229
