0 0.9546330276241928 0.7598863862290897 0.09073394475161217 0.2586678954751235
0 0.8015602934928735 0.5739797151451996 0.13838558480101967 0.23151299092498032
0 0.5613438066684593 0.39033595166711443 0.13969110918593552 0.14970012947028863
0 0.47517919726404984 0.2985140699280722 0.1083585239479705 0.08964600776418422
0 0.3154910905859708 0.20179118755606942 0.07597656761132907 0.06188136728524552
0 0.28412067522608964 0.17875756751100585 0.07133546506493597 0.06027703554081328
0 0.33800903257032416 0.1493066204882132 0.0625689380328592 0.03712882037114721
0 0.31127971975683627 0.13521142016212948 0.05311484025316929 0.03735801062035188
0 0.18072722405365874 0.20499985104493404 0.03575367887591975 0.044462908345694815
0 0.11025122242324033 0.20763553891078723 0.04778616695916169 0.045608859591717656
0 0.10139874904771215 0.19938468993942104 0.04142613754373372 0.04285857660126254
0 0.1026019978560364 0.1875813921053845 0.04795805964606521 0.030253112895006942
0 0.10225821248222938 0.17589268939594851 0.03489421544140209 0.028419590901371472
0 0.10311767591674668 0.1635164159388994 0.03351907394617448 0.022002263923642462
0 0.10414903203816751 0.1549217815937266 0.029393649460491608 0.019022790683982153
0 0.10277389054293982 0.15194230835406639 0.026987151843843097 0.027273639655348677
0 0.10475065644232964 0.13842008365099423 0.029565542147395 0.014438985699890432
0 0.224130127496782 0.14380605450730255 0.04658291815083723 0.03758720086955647
0 0.20633923440227392 0.14094117639224493 0.04056667410921673 0.030482303144213612
0 0.2019559708862357 0.13131518592565125 0.036956927684243523 0.029565542147394895
0 0.20135434648207343 0.1250124540725244 0.03506610812830502 0.024294166415688746
0 0.19104078526786616 0.12329352720348974 0.03540989350211264 0.025440117661711847
0 0.18485264853934158 0.12077243446223901 0.0292217567735879 0.027273639655348812
0 0.18012559964949612 0.11997026859002297 0.017017376003443392 0.015584936945913957
0 0.1785785654673652 0.11813674659638598 0.032143932450947287 0.022460644422052138
0 0.17282016045609944 0.1150426782321237 0.022689834671256667 0.0185644101855737
0 0.1692963603745784 0.11378213186149838 0.022517941984353508 0.0183352199363691
0 0.16396768708057102 0.11229239524166842 0.012548166143953132 0.012147083207844656
0 0.15915469184727435 0.11424051235990758 0.013579522265373551 0.013751414952276862
0 0.9872102280272584 0.2774820085778592 0.025579543945482914 0.0524583650745076
0 0.9887328199287748 0.2506437892799987 0.022534360142449958 0.02557954394548383
0 0.957976463518134 0.23927510308200584 0.016443992536382825 0.023143396903056848
0 0.9089490042892896 0.21531965716480672 0.017053029296989018 0.026391592959626217
0 0.8160708982967588 0.20009373814963768 0.03349702183337186 0.03979040169297491
0 0.7790719150898978 0.22648533110926394 0.04293709162277626 0.04466269577782904
0 0.7148185368458845 0.21998893899612507 0.054508790074306396 0.05115908789096783
0 0.7139049817049742 0.18405577012032634 0.04354612838338438 0.038572328171761414
0 0.6796466639208448 0.1690328633586929 0.04689583056672038 0.040196426200046084
0 0.7061397630072382 0.13249065772228746 0.03166991155155234 0.027203641973768435
0 0.737048378608032 0.10191215127486433 0.017966584437899228 0.017053029296989253
0 0.7107075387117895 0.09785190620415257 0.025579543945483743 0.020301225353558616
0 0.7198430901208909 0.08485912197787507 0.015225919015168898 0.014616882254562204
0 0.6848234763860023 0.07937779113241424 0.018880139578809577 0.019083151832345113
0 0.6651820408564342 0.0872952690203021 0.024056952043967073 0.023549421410128016
0 0.6437134950450459 0.08770129352737328 0.025579543945483892 0.022737372395985663
0 0.6318372782132142 0.07958080338594982 0.021925323381843286 0.019489176339416287
0 0.6578735997291534 0.07653561958291602 0.020402731480326394 0.01664700478991808
0 0.5963608869078706 0.09094948958394264 0.032583466692461587 0.030857862537409093
0 0.5981879971896907 0.07552055831523811 0.029538282889427947 0.023549421410128026
0 0.5843324108858868 0.07024223972331287 0.023752433663664484 0.018677127325273955
0 0.5681929367298071 0.12444651141731448 0.04872294084854196 0.03370003408690712
0 0.5613412731729815 0.0905434650768715 0.03684672401670954 0.02436147042427031
0 0.531346212713099 0.11104770268396572 0.04324161000307997 0.030451838030337956
0 0.4785122737304613 0.1183561438112468 0.05877204739855293 0.04344462225661536
0 0.551444425813122 0.07511453380816693 0.02436147042427038 0.01786507831113159
0 0.5298236208115822 0.07267838676573989 0.025579543945483892 0.018677127325273924
0 0.49175882327365966 0.09724286944354583 0.03166991155155138 0.019895200846487455
0 0.47074705503272624 0.0901374405698003 0.03715124239701226 0.017865078311131575
0 0.42857125936070845 0.10353624930314903 0.04841842246823731 0.0324819605656938
0 0.43146418397359043 0.08567117099201743 0.03532413211519206 0.02517351943841268
0 0.39994653161219096 0.09744588169708143 0.03928287105913592 0.03004581352326675
0 0.3359976717484814 0.08831033028798005 0.0277111726076073 0.022331347888914513
0 0.32412145491664945 0.08567117099201738 0.030756356410641075 0.017865078311131582
0 0.2936696168863114 0.09927299197890167 0.02344791528336021 0.01908315183234512
0 0.3296027857621104 0.07044525197684842 0.023447915283360533 0.01421085774749109
