0 0.5262891484241251 0.11201142366273296 0.0359885358540356 0.024495693401814515
0 0.5172290974398924 0.11754812148643042 0.023908467875058445 0.019462331743907362
0 0.4969698167668159 0.12224592570047736 0.03976355709746601 0.02751571039655891
0 0.6132404710644696 0.12090369592503553 0.027180152952698256 0.022817906182512157
0 0.6522490239132493 0.1306348617969892 0.030703506113234757 0.026173480621116928
0 0.7022051383679776 0.14523161060491976 0.026425148704012753 0.025166808289535644
0 0.7301402955693621 0.15395610414529204 0.026928484869803603 0.026509038064977498
0 0.6995626234975763 0.17778068265938557 0.049830280413281754 0.03456241671762901
0 0.754929601734553 0.16556639119084385 0.03322018694218382 0.025569476198127928
0 0.5661785395630389 0.09221353447496508 0.02164345512900063 0.014428970086000366
0 0.6215455178000169 0.08483127071003466 0.01610675730530275 0.015100084973721284
0 0.6361422666079475 0.08332126221266252 0.017113429636884094 0.017448987080744587
0 0.6478448324625816 0.08321824607739735 0.013841744559244376 0.011408953091256082
0 0.6616865770218261 0.0830504673554671 0.013338408393453847 0.01040228075967466
0 0.672256636503431 0.08338602479932758 0.01132506373029102 0.009731165871953733
0 0.6805616832389777 0.08221157374581592 0.01031839139870968 0.009395608428093238
0 0.5854311479045325 0.15737644117056193 0.0495786123303845 0.0335557443860473
0 0.5933586925157371 0.18338214306974848 0.055366978236978184 0.04328691025800101
0 0.556992654537358 0.1860666026206323 0.04957861233038561 0.04261579537028015
0 0.5232691314293807 0.1932810876636325 0.05561864631987359 0.04697804214046617
0 0.44147700448838967 0.13422297754418874 0.04102189751194349 0.02818682528427966
0 0.4097668260435755 0.1501619561275618 0.049075276164594665 0.030535727391302978
0 0.3594332094645047 0.1649264836574225 0.04504858683826887 0.03523353160534976
0 0.33137221822167284 0.17834878141184146 0.038756884765884486 0.03322018694218679
0 0.3005428780669919 0.19244219405398133 0.049075276164594006 0.041273565594838246
0 0.2454275679129091 0.22700461077161002 0.047565267667222105 0.04597136980888484
0 0.20969070014176872 0.24881584462254075 0.04605525916984999 0.052682518686094595
0 0.1534428836146569 0.1879121685618649 0.03926022093167533 0.04026689326325681
0 0.10343558206999078 0.32767184392975246 0.03976355709746628 0.05066917402293089
0 0.06430119517976307 0.3615631457596604 0.03800188051719873 0.058722552675581595
0 0.7779029168448492 0.17700655163639983 0.030955174196128577 0.02718015295269801
0 0.8021888868442513 0.19076440683467905 0.03976355709746562 0.034562416717628656
0 0.8755501330082471 0.238916900028657 0.037498544351408036 0.0375824337123728
0 0.8864976946141943 0.33102741836835675 0.09764721616339864 0.0869093779598625
0 0.7989172017666115 0.2563658871094017 0.07147373554228038 0.07382263764930375
0 0.7602861510421736 0.26223814237695975 0.07726210144887538 0.07751376953176924
0 0.7222842705249768 0.27163375080505325 0.07877210994624403 0.06409147177734995
0 0.6407438116668813 0.28740495066649524 0.08078545460940859 0.08355380352125773
0 0.5849993313055601 0.2910960825489606 0.07751376953176863 0.08825160773530426
0 0.5278706764883148 0.3055250526349608 0.08657382051600089 0.1030161352651652
0 0.4618078047282835 0.3270007290420313 0.0807854546094089 0.09630498638795552
0 0.3569880482023685 0.3570331202675433 0.07097039937648972 0.12012956490204951
0 0.21202723245464378 0.4167623452747067 0.06694371005016432 0.13220963288102797
0 0.040141059221808814 0.514778674114333 0.0782687737804548 0.1282500540194306
0 0.049558843802473246 0.637145789503605 0.09911768760494648 0.1961228282003055
0 0.12048878753463711 0.6346402130201169 0.08548439971876355 0.2137109992969122
0 0.20376238381239925 0.5884589855858369 0.08695826867943306 0.20585036484001187
0 0.2905364188717476 0.5356453478285558 0.0770096531949261 0.17588169597309836
0 0.39186490991769846 0.5027289410402971 0.10648703240828959 0.17293395805175366
0 0.5269081534389367 0.44623063088134524 0.1083293686091257 0.13166562715304148
0 0.604470507494107 0.41699889649475597 0.1153302461722984 0.13019175819237236
0 0.6755846848463551 0.39587344139184244 0.11680411513297201 0.11250533066435396
0 0.7190638191860722 0.36565912769814163 0.10132849104595358 0.09531019278988921
0 0.7712019336697153 0.35411382083957266 0.10243389276645494 0.1134879099714656
0 0.8043639852847551 0.34158593467389237 0.08622133419909975 0.08450182041165298
0 0.12290327113597338 0.18296835871749764 0.013063844204662906 0.014897366198299799
0 0.11533999291222118 0.18228078796988378 0.011688702709435258 0.01260546370625366
0 0.10408102192004469 0.19637598829596745 0.015642234508214795 0.017418458939550505
0 0.1045107536373033 0.1818224074714746 0.010657346588014462 0.011688702709435173
0 0.08921230450289538 0.20726252513318655 0.020283337054608185 0.019939551680801307
0 0.06961653819590106 0.2149403984815412 0.020283337054608143 0.029336351898190158
0 0.02913581043013635 0.24817298461620996 0.01632980525582863 0.021085502926824314
0 0.03944937164434393 0.23201507204728472 0.011173024648724859 0.0126054637062537
0 0.09084528502847826 0.18858351982301066 0.010485453901111014 0.011459512460230598
0 0.08096145553152928 0.19717815416818366 0.024408761540291105 0.011688702709435318
0 0.050708342636520486 0.2205555595870542 0.019251980933187387 0.018106029687164203
