0 0.9465811965811962 0.7542735042735045 0.10683760683760583 0.23219373219373204
0 0.8226495726495727 0.5576923076923077 0.14957264957264968 0.18945868945868946
0 0.7494658119658121 0.47008547008547014 0.13354700854700852 0.15669515669515668
0 0.6858974358974359 0.38888888888888884 0.12179487179487182 0.13105413105413105
0 0.5822649572649573 0.2849002849002849 0.11965811965811973 0.09971509971509977
0 0.5405982905982906 0.24145299145299146 0.1153846153846154 0.084045584045584
0 0.5138888888888888 0.2108262108262108 0.10683760683760682 0.07977207977207978
0 0.44781907854588304 0.16124859015838283 0.10745654781995069 0.0684839110320178
0 0.40117521367521347 0.8098290598290601 0.24893162393162435 0.2549857549857544
0 0.346153846153846 0.6396011396011396 0.2777777777777774 0.30199430199430194
0 0.3087606837606838 0.5042735042735041 0.19444444444444448 0.1965811965811963
0 0.27564102564102555 0.4209401709401708 0.15170940170940184 0.13532763532763498
0 0.27029914529914534 0.3425925925925925 0.14316239316239313 0.13247863247863237
0 0.24252136752136744 0.26923076923076933 0.12393162393162388 0.11111111111111115
0 0.22916666666666663 0.207977207977208 0.11645299145299147 0.11111111111111117
0 0.07371794871794872 0.94017094017094 0.14743589743589744 0.11111111111111115
0 0.6517094017094017 0.98005698005698 0.1153846153846154 0.03988603988603984
0 0.22307033097502632 0.11960002915481326 0.038467182052639576 0.02950285349169972
0 0.2261340888376261 0.10552943748954113 0.0391480171332169 0.017701712095019796
0 0.22136824327358212 0.09440913117343885 0.022127140118775 0.015432261826427375
0 0.15430598783668034 0.10053664689863812 0.01599962439357558 0.012255031450398341
0 0.2733024262975637 0.05767848815831824 0.015040709521065988 0.012255031450398322
0 0.21353863984693885 0.07670741907841913 0.014637954232420121 0.013616701611553681
0 0.306717723574628 0.015303248417404047 0.007651624208702011 0.007507253940613305
0 0.2919919562295788 0.011357127756312438 0.010250289034298915 0.006544785486688523
0 0.29278599270406674 0.01231959621023722 0.009528437693855345 0.006159798105118611
0 0.29379658458068775 0.013185817818769525 0.006352291795903504 0.005197329651193827
0 0.30202568986174466 0.013859545736516874 0.009817178230032794 0.006929772868258437
0 0.2937243994466434 0.005774810723548696 0.010539029570476359 0.006929772868258434
0 0.30318065200645433 0.06785402600169717 0.041578637209550406 0.028681559926958543
0 0.30715083437889407 0.073051355652891 0.03161708871142902 0.024831686111259396
0 0.30570713169800695 0.07815243845869237 0.022088651017573787 0.028489066236173574
0 0.3337871488412625 0.07718997000476759 0.06843150707405189 0.056978132472347134
0 0.36432146054202624 0.019923096996242985 0.01689132136637981 0.010202165611602677
0 0.3904524790660841 0.02425420503890453 0.009672807961944016 0.006929772868258435
0 0.3535658755694168 0.09711306700101055 0.060058031524906505 0.03638130755835684
0 0.37861411708280923 0.02184803390409257 0.018335024047267154 0.009817178230032786
0 0.3698797158634419 0.10086669397131724 0.05919180991637418 0.034263876959722266
0 0.3734889725656599 0.11174258750066728 0.05081833436722853 0.03445637065050724
0 0.38987499799372927 0.12107853150373767 0.07868179610835092 0.04696846055152941
0 0.40893187338143994 0.13407185563172225 0.07868179610835098 0.04677596686074445
0 0.42863841497555005 0.1436002933255776 0.08200231227439175 0.04542851102524978
0 0.4556427456647319 0.019856205438695235 0.021329407777695195 0.013066664224173637
0 0.428068241015189 0.015244441594869245 0.018062741721651746 0.011529409609564976
0 0.40990942088012416 0.012426141468086698 0.018254898548477953 0.012554246019304088
0 0.4008780500192982 0.012298036916869308 0.016717643933869226 0.0112732005071302
0 0.3937682474267332 0.01191372326321714 0.01056862547543453 0.007942482175478093
0 0.40654667641066766 0.02869541947269505 0.02152156460452126 0.011785618711999745
0 0.41653883140562387 0.029720255882434134 0.025364701141043187 0.01127320050713023
0 0.6411701619653148 0.0693045622086072 0.02767058306295638 0.016653591658260615
0 0.6100407560194896 0.05713462984295531 0.02997646498486894 0.012810455121738862
0 0.7100583843824653 0.1006901772568674 0.02786273988978257 0.019471891785043136
0 0.746087789412355 0.12144311455408435 0.029592151331214657 0.02203398280939098
0 0.7805799398276371 0.1375842880074753 0.03016862181169343 0.0307450922921734
0 0.8022936612589848 0.15282872960234448 0.02978430815804173 0.024852282936173715
0 0.8475465939765263 0.18293329913843087 0.027286269409300644 0.02869541947269513
0 0.8709897268493094 0.1985620543869522 0.025749014794693673 0.029207837677564838
0 0.8947210949623313 0.21559995969886508 0.03209019007995579 0.03151371959947763
0 0.9343054012885038 0.24775420205442955 0.023250976045954993 0.0302326740873036
0 0.9586862822323913 0.2704287076199073 0.024980387487389198 0.032026137804347446
0 0.9822254935185861 0.2918221676732113 0.0236352896996062 0.03689411075060806
0 0.9972137260110218 0.3152653005459934 0.005572547977956504 0.02895162857512986
