0 0.1816239316239315 0.40170940170940184 0.11324786324786305 0.11965811965811991
0 0.39262820512820495 0.2585470085470085 0.09508547008547012 0.08119658119658124
0 0.41506410256410253 0.2022792022792023 0.06944444444444443 0.054131054131054165
0 0.4278846153846153 0.27849002849002846 0.08226495726495721 0.06695156695156686
0 0.4818376068376069 0.3304843304843304 0.10897435897435917 0.09116809116809127
0 0.5373931623931624 0.3454415954415954 0.11111111111111115 0.10683760683760689
0 0.6549145299145297 0.4408831908831907 0.11752136752136731 0.12962962962962976
0 0.3691239316239313 0.777065527065527 0.22329059829059772 0.28062678062678065
0 0.8119658119658112 0.5477207977207977 0.0918803418803408 0.1552706552706551
0 0.9561965811965811 0.6517094017094017 0.07478632478632491 0.17806267806267811
0 0.9919871794871794 0.6965811965811969 0.01602564102564066 0.1310541310541308
0 0.6356837606837606 0.9138176638176628 0.1901709401709403 0.17236467236467096
