0 0.16106672932330823 0.7453007518796979 0.1600093984962406 0.12218045112781936
0 0.18609022556390983 0.6019736842105261 0.14661654135338353 0.12124060150375908
0 0.735902255639098 0.824248120300751 0.22838345864661685 0.21428571428571272
0 0.8835761278195488 0.6000939849624062 0.14168233082706772 0.13251879699248162
0 0.6770441729323311 0.5244360902255639 0.19384398496240673 0.13533834586466173
0 0.7958176691729321 0.41353383458646625 0.12546992481202987 0.09210526315789493
0 0.9375000000000004 0.35244360902255645 0.06766917293233106 0.06766917293233086
0 0.9807330827067667 0.35667293233082714 0.03853383458646586 0.059210526315789574
0 0.9484257518796991 0.3171992481203007 0.05568609022556399 0.04229323308270667
0 0.8712406015037593 0.27255639097744355 0.09586466165413465 0.07518796992481205
0 0.8666588345864658 0.2293233082706767 0.048637218045112125 0.03571428571428578
0 0.9597039473684211 0.26033834586466165 0.037359022556391036 0.033834586466165426
0 0.9209351503759393 0.26832706766917264 0.010573308270676696 0.031015037593984943
0 0.6104323308270676 0.3632518796992481 0.15225563909774428 0.09304511278195488
0 0.5914003759398496 0.3101503759398496 0.13956766917293228 0.07142857142857142
0 0.5431156015037595 0.21334586466165412 0.0895206766917295 0.054511278195488684
0 0.6439144736842104 0.20582706766917291 0.09093045112781951 0.056390977443609
0 0.6650610902255636 0.2396616541353383 0.10643796992481226 0.05827067669172946
0 0.8162593984962413 0.19642857142857142 0.0451127819548873 0.03571428571428576
0 0.7757283834586459 0.16917293233082709 0.05850563909774434 0.03195488721804515
0 0.2981672932330826 0.2857142857142857 0.09868421052631585 0.0808270676691729
0 0.30838815789473684 0.25187969924812004 0.07683270676691721 0.05451127819548818
0 0.19772086466165426 0.30639097744360894 0.08811090225563904 0.07142857142857148
0 0.12617481203007522 0.2556390977443609 0.0465225563909774 0.045112781954887285
0 0.3355263157894736 0.1851503759398496 0.06343984962406013 0.04323308270676689
0 0.016917293233082706 0.35902255639097724 0.03383458646616541 0.035714285714285476
0 0.009515977443609023 0.31672932330827064 0.019031954887218046 0.03383458646616532
0 0.02524999999999998 0.27849999999999964 0.03050000000000002 0.034999999999999455
0 0.08462499999999994 0.2349999999999998 0.03174999999999988 0.035333333333332974
0 0.11837499999999984 0.2178333333333331 0.02874999999999978 0.034999999999999615
0 0.13662499999999983 0.20833333333333318 0.02925000000000019 0.03666666666666635
0 0.15662499999999988 0.19966666666666644 0.02425000000000023 0.032666666666666386
0 0.1776249999999998 0.18916666666666646 0.032250000000000244 0.0389999999999996
0 0.2006249999999996 0.18016666666666623 0.028250000000000646 0.03566666666666588
0 0.22087499999999977 0.17416666666666644 0.027750000000000476 0.03299999999999972
0 0.2677499999999997 0.1584999999999998 0.02800000000000033 0.03233333333333298
0 0.29437499999999955 0.14899999999999974 0.0267500000000007 0.0359999999999996
0 0.32199999999999995 0.14249999999999996 0.03 0.03233333333333336
0 0.3719999999999999 0.1303333333333333 0.026499999999999985 0.03466666666666665
0 0.3996249999999989 0.12183333333333296 0.024250000000002162 0.04033333333333267
0 0.025374999999999995 0.26649999999999996 0.02874999999999999 0.0343333333333333
0 0.010374999999999999 0.28099999999999997 0.017249999999999998 0.0293333333333333
0 0.425875 0.12216666666666665 0.02174999999999997 0.03166666666666666
0 0.4546249999999998 0.11916666666666668 0.020249999999999987 0.028333333333333356
0 0.48424999999999835 0.11533333333333319 0.02650000000000003 0.029333333333333184
0 0.5104999999999997 0.115 0.023500000000000087 0.025333333333333333
0 0.53675 0.11366666666666667 0.027000000000000024 0.030000000000000016
0 0.562374999999999 0.11249999999999993 0.02675000000000002 0.024333333333333353
0 0.5898749999999999 0.11249999999999999 0.030749999999999958 0.028999999999999984
0 0.6151249999999999 0.11383333333333333 0.03125 0.029000000000000005
0 0.638 0.1143333333333333 0.032499999999999786 0.027333333333333324
0 0.66275 0.11766666666666666 0.030999999999999944 0.029333333333333354
0 0.6855 0.12133333333333331 0.030500000000000114 0.028666666666666635
0 0.70625 0.12216666666666665 0.028500000000000084 0.026999999999999975
0 0.728 0.12566666666666668 0.029500000000000172 0.025999999999999995
0 0.766875 0.13466666666666666 0.030249999999999916 0.02466666666666665
