0 0.9062996612928214 0.21309113034174273 0.01438512034831668 0.024434998947824402
0 0.9405874823970274 0.24343782258339705 0.0360613290923556 0.033630966293782316
0 0.9787179041422186 0.26550814421369057 0.03901717573926978 0.02942709550705901
0 0.9668945175545648 0.28179814351224236 0.03586427264923055 0.029952579355399935
0 0.9031467582027766 0.24856129010471523 0.02896729713975916 0.040724998246375585
0 0.8640310542419446 0.22373217827063496 0.04492886903310247 0.03310548244544155
0 0.8786132310333856 0.25210830608101226 0.06502862623211446 0.058328707165776726
0 0.8886631096328996 0.2768060469530087 0.06896975509466745 0.06253257795249849
0 0.9922162704964618 0.3989810416921372 0.015567459007077506 0.06148161025582089
0 0.9258082491624562 0.3451189472372534 0.08808423007804553 0.08302644803777164
0 0.8503641129975762 0.675561584322053 0.09996883224976302 0.28266319552525687
0 0.7423660380306094 0.606355647752956 0.11310759305973173 0.27089966732824583
0 0.6420005040655664 0.5486381928582769 0.10787113041807643 0.23831723311350672
0 0.5164999494205884 0.49813541982543486 0.13963900377744543 0.24250640322683228
0 0.4196253905499852 0.4529854752707267 0.11904225072027282 0.19130543517510298
0 0.3224017341699365 0.4176102609804401 0.13544983366412208 0.159653927652214
0 0.27440161346781716 0.3802581388806021 0.1243217276305588 0.16611201300848355
0 0.21947735194173465 0.3612784505043205 0.10944317794865073 0.14783174363434445
0 0.17822752670182854 0.3414085924889488 0.10801254817154407 0.14624215499311383
0 0.14038086623473844 0.32434219080448073 0.09407474594912803 0.12485496236566285
0 0.11610351244141504 0.3135040864324614 0.06676272293163926 0.09971056022257825
0 0.09764146756973816 0.30349361912157946 0.06877269865154133 0.09826547963964245
0 0.008957111051255658 0.25408619456285225 0.017914222102511316 0.02531876723821597
0 0.01630194211328528 0.2573107545413045 0.03260388422657056 0.03654501308912328
0 0.009404966603818442 0.28024095883251876 0.018809933207636884 0.03463416273152191
0 0.02472162650146561 0.2742695514650151 0.04944325300293123 0.060430642559138194
0 0.025796479827616296 0.28358494695832087 0.05123467521318236 0.0690294691683436
0 0.03690329753117325 0.2896757824731754 0.05051810632908179 0.07547858912524648
0 0.050965961881644664 0.29098949209402575 0.05069724855010696 0.07237345729414552
0 0.06332677513237744 0.2961249024300789 0.059296075159312366 0.07882257725104963
0 0.4221536565112058 0.05522683506631098 0.016179378166497314 0.012011962578157074
0 0.41576464070114016 0.04486958161881845 0.019764581282937073 0.01188939153144119
0 0.4039058919313778 0.0446857250487446 0.019029155002641643 0.0117668204847253
0 0.3916334658789495 0.04486958161881845 0.017650230727087858 0.009683112690555183
0 0.380142430249335 0.046646861796198834 0.015260095316128144 0.010541110017566408
0 0.402021362088121 0.058842680944429675 0.028497768361444062 0.020714506894985153
0 0.3846009520736253 0.058352396757566184 0.027854270366185718 0.021940217362144042
0 0.36699668548905584 0.06117153083203159 0.023349784399376808 0.018263085960667388
0 0.35159869774537245 0.06392937938313911 0.025096421815078217 0.021082220035132836
0 0.3344081084434691 0.06674851345760453 0.021787003553749143 0.017405088633656148
0 0.3182287302769718 0.0687709357284167 0.024912565245004323 0.020469364801553373
0 0.3274675229231818 0.04186659097427918 0.014708525605906573 0.008825115363543969
0 0.3309148336120662 0.05761697047727084 0.021235433843527714 0.009683112690555192
0 0.31312671045742285 0.06460352014007649 0.016363234736571107 0.010173396877418748
0 0.29860204142159014 0.07165135532624008 0.02004036613804775 0.011766820484725295
0 0.2854103325187929 0.07863790498904558 0.026199561235521633 0.017159946540224354
0 0.2511670463425412 0.10149740520155895 0.027578485511074894 0.021204791081848706
0 0.2691849902097768 0.09739127513657662 0.03309418261328984 0.025985061903768467
0 0.27709082272295177 0.09757513170665036 0.023165927829303056 0.020959648988416974
0 0.2830661612503512 0.09702356199642896 0.015811665026349668 0.019366225381110425
0 0.2896849977730094 0.09592042257598563 0.014892382175980092 0.021327362128564505
0 0.3130807463149046 0.08985315576354923 0.03281839775817884 0.02635277504391587
0 0.33822313227250084 0.09015958338033926 0.03621974430454505 0.023288498876018745
0 0.2998485154531111 0.8431388524233348 0.22307330853447138 0.25321206018310455
0 0.00747829201669335 0.8766314431867017 0.0149565840333867 0.10693596313725819
0 0.047687659236885116 0.5312571838650197 0.08627131080127398 0.1236988978993143
0 0.01744934803895114 0.46261585617556295 0.03489869607790228 0.09104007672496216
