0 0.8899999999999945 0.9024999999999901 0.17249999999998983 0.19499999999998097
0 0.9232499999999962 0.8006666666666612 0.1534999999999931 0.18666666666665624
0 0.7488749999999955 0.6501666666666616 0.19624999999999596 0.21833333333332827
0 0.9291249999999942 0.6808333333333283 0.14174999999999516 0.15766666666666357
0 0.9296249999999848 0.5868333333333219 0.127750000000007 0.13033333333333613
0 0.927999999999992 0.5158333333333284 0.11550000000000366 0.11966666666666725
0 0.7781954887218043 0.4830827067669172 0.13110902255639062 0.1203007518796992
0 0.8067434210526314 0.4309210526315789 0.11771616541353397 0.119360902255639
0 0.8159999999999953 0.3668333333333313 0.10949999999999045 0.08166666666666283
0 0.8157499999999972 0.3291666666666655 0.09649999999999494 0.05899999999999788
0 0.9186249999999956 0.45916666666666445 0.10524999999999167 0.12099999999999562
0 0.9134999999999965 0.4213333333333318 0.07799999999999344 0.08066666666666383
0 0.9187499999999988 0.40266666666666623 0.08999999999999858 0.07866666666666601
0 0.8212499999999961 0.3134999999999986 0.0884999999999928 0.05433333333333066
0 0.8251249999999968 0.2926666666666657 0.07724999999999393 0.043999999999998166
0 0.0976268796992481 0.6593045112781953 0.10925751879699246 0.20582706766917286
0 0.25693139097744355 0.5014097744360902 0.10643796992481205 0.13815789473684192
0 0.07542293233082707 0.5079887218045109 0.06766917293233084 0.1268796992481196
0 0.38768796992481186 0.38956766917293273 0.10996240601503747 0.11936090225563989
0 0.3094454887218046 0.33364661654135347 0.08176691729323332 0.07706766917293244
0 0.36266447368421045 0.29511278195488716 0.07119360902255616 0.0751879699248119
0 0.4465460526315788 0.3486842105263156 0.10784774436090244 0.09586466165413558
0 0.49835526315789463 0.3237781954887218 0.0958646616541352 0.07612781954887211
0 0.4139999999999992 0.2803333333333327 0.0879999999999987 0.0639999999999989
0 0.45287499999999725 0.2539999999999985 0.0857499999999947 0.07066666666666391
0 0.5457499999999972 0.2961666666666648 0.10549999999999446 0.0696666666666632
0 0.4967499999999969 0.2431666666666645 0.074499999999994 0.05233333333332904
0 0.517999999999998 0.22666666666666566 0.06699999999999598 0.0439999999999981
0 0.5433749999999967 0.2156666666666652 0.07474999999999371 0.043333333333330476
0 0.567374999999997 0.2018333333333318 0.056249999999993985 0.036333333333330275
0 0.5927499999999963 0.1969999999999983 0.04699999999999286 0.03666666666666339
0 0.5929999999999924 0.25716666666666127 0.07949999999999414 0.05566666666667019
0 0.6209999999999967 0.24249999999999847 0.0820000000000065 0.05100000000000294
0 0.6356249999999994 0.22566666666666588 0.06525000000000122 0.03333333333333475
0 0.6533749999999994 0.21933333333333282 0.05724999999999878 0.0453333333333326
0 0.0776249999999997 0.2621666666666659 0.021249999999999464 0.03233333333333188
0 0.17949999999999933 0.2856666666666655 0.04999999999999872 0.06466666666666446
0 0.15362499999999957 0.27483333333333265 0.02574999999999915 0.04233333333333207
0 0.22587499999999977 0.23333333333333303 0.03574999999999982 0.03933333333333297
0 0.2563749999999995 0.24633333333333293 0.044750000000000914 0.04533333333333409
0 0.26224999999999954 0.21433333333333263 0.03699999999999912 0.03666666666666532
0 0.29462499999999936 0.2271666666666662 0.05225000000000132 0.04233333333333399
0 0.2933749999999986 0.19833333333333245 0.03974999999999743 0.03133333333333165
0 0.32987499999999925 0.21033333333333304 0.038750000000001415 0.039333333333334004
0 0.3583749999999992 0.19799999999999968 0.05025000000000144 0.03533333333333382
0 0.28762499999999963 0.16466666666666627 0.03424999999999936 0.028666666666665907
0 0.3474999999999994 0.17566666666666633 0.04749999999999908 0.03266666666666612
0 0.3884999999999997 0.18649999999999983 0.04350000000000062 0.03566666666666691
0 0.37212499999999993 0.16483333333333333 0.03825000000000003 0.021000000000000033
0 0.41562499999999886 0.17716666666666636 0.04675000000000158 0.03166666666666718
0 0.4396249999999988 0.16766666666666624 0.04324999999999796 0.028666666666665952
0 0.39787499999999926 0.1574999999999998 0.04074999999999871 0.023666666666666326
0 0.4661249999999989 0.16266666666666638 0.042249999999998254 0.027333333333332807
0 0.4246249999999986 0.1509999999999997 0.02724999999999926 0.017333333333333416
0 0.4212499999999999 0.1303333333333333 0.03200000000000003 0.02
0 0.3314999999999999 0.14983333333333332 0.0325 0.024333333333333335
0 0.3243749999999993 0.13983333333333306 0.02724999999999894 0.022333333333332882
0 0.3536249999999981 0.14366666666666605 0.03075000000000376 0.021333333333334516
