0 0.39399732161221274 0.20659315408855147 0.030187174957391223 0.025075705544475958
0 0.35301421993049975 0.20147605932585314 0.04453589838451578 0.02751811607498535
0 0.3065230869827614 0.20075189837651145 0.03845294641004532 0.02549046541682852
0 0.25948883332301664 0.1998829052373012 0.03562871870761257 0.024911136657355018
0 0.17227788984839504 0.21204880918624228 0.03606321527721763 0.024911136657355098
0 0.13528643189974868 0.21578811299738887 0.023699812887546787 0.02448980665046592
0 0.11612908314898127 0.22065974120205148 0.020934834717333085 0.02791311295644487
0 0.09934171568696877 0.22803301632262094 0.025674797294842452 0.02580646292199587
0 0.08028311615656619 0.23514296018888534 0.014812383054717023 0.0215931628530986
0 0.047893371876918236 0.2633194043996362 0.03574721777205034 0.020013175327262524
0 0.2773865600046664 0.226848025678244 0.040487180349559754 0.024489806650465497
0 0.9363636363636364 0.9272727272727275 0.12727272727272723 0.14545454545454498
0 0.9289772727272737 0.7395454545454547 0.11113636363636599 0.15545454545454532
0 0.8072727272727276 0.6436363636363645 0.09000000000000112 0.19818181818181904
0 0.7230681818181826 0.5759090909090899 0.0920454545454547 0.13545454545454483
0 0.4111363636363634 0.8668181818181816 0.1527272727272719 0.2663636363636361
0 0.18068181818181814 0.8531818181818183 0.14863636363636373 0.2936363636363634
0 0.06647727272727273 0.9131818181818179 0.12477272727272729 0.173636363636363
0 0.11454545454545449 0.546818181818181 0.1281818181818181 0.1372727272727256
0 0.6429545454545456 0.5277272727272723 0.10636363636363719 0.12636363636363668
0 0.08693181818181821 0.45954545454545387 0.10159090909090915 0.09909090909090881
0 0.5710227272727267 0.46272727272727265 0.10704545454545532 0.11454545454545481
0 0.5209090909090901 0.4204545454545457 0.10090909090909042 0.10090909090909028
0 0.416590909090909 0.36909090909090897 0.08999999999999997 0.07090909090909076
0 0.3501136363636364 0.32409090909090893 0.08386363636363635 0.0590909090909087
0 0.09068181818181813 0.38636363636363624 0.08181818181818176 0.08363636363636347
0 0.2989772727272728 0.2936363636363635 0.07840909090909091 0.05636363636363597
0 0.08011363636363629 0.33772727272727254 0.07022727272727258 0.055454545454545014
0 0.28272169995839763 0.2749999999999981 0.08501114553774797 0.06818181818181754
0 0.0968637263972275 0.308445771836248 0.06612812090579923 0.04532725658332004
0 0.25030890835822184 0.2721218744372902 0.03958373434502114 0.03973896467578591
0 0.24588484393142537 0.2507000887917494 0.059608447013678866 0.04656909922943665
0 0.09150827998584223 0.29292273875976876 0.06379966594432802 0.03539251541436954
