0 0.25987969547166356 0.1254836394804155 0.028499898799449818 0.02106278235083149
0 0.22657552801744937 0.14958641103652162 0.03550273107588606 0.02801132910574495
0 0.19017708583643766 0.1715177617317173 0.04185413709404916 0.040171285926843596
0 0.7009228231351048 0.07716196010020594 0.005016618442749632 0.011419944422519342
0 0.721050475179795 0.08050637239537232 0.014438072591327823 0.014845927749275144
0 0.7345708736657421 0.08450335294325408 0.012847437475334117 0.010441092043446246
0 0.7466841718567716 0.08907133071226181 0.01137915890672474 0.013051365054307791
0 0.7774568435238817 0.09967556481888692 0.014682785686096338 0.01598792219152708
0 0.707530076693848 0.09535230014464746 0.018231125560236164 0.016477348381063628
0 0.7306554641494497 0.09266045610219646 0.018965264844540853 0.01272508092795011
0 0.7453994281092381 0.10424354258789464 0.01884290829715681 0.017293058696957873
0 0.7636305536694743 0.10946408860961776 0.01810876901285198 0.02153475233960787
0 0.7632023057536298 0.10293840608246388 0.015539281517785213 0.013703933307023188
0 0.7942808687892002 0.1139504953470361 0.0199441172236142 0.014845927749275152
0 0.8077400890014553 0.10970880170438604 0.01211329819102943 0.012888222991128977
0 0.7818616792297105 0.11721333661061303 0.01982176067622987 0.02137161027642904
0 0.7250270629697795 0.10718009972511391 0.020922969602687403 0.015335353938811665
0 0.738119213539882 0.11941575446352747 0.02826436244573543 0.01827191107603092
0 0.7526796426785941 0.130101559601742 0.03780817314169781 0.022024178529144435
0 0.8161826907709606 0.12398373223253521 0.015294568423016984 0.015009069812454002
0 0.8003375178847151 0.13409854014962377 0.011501515454108784 0.007504534906227001
0 0.7830240664298599 0.13189612229670933 0.022391248171296924 0.01680363250742129
0 0.7991139524108736 0.1454369135405537 0.02618430114020498 0.021045326150071375
0 0.773113186091745 0.1526967353520124 0.04147886956322182 0.03197584438305414
0 0.8308089870697956 0.5397385537965859 0.10360143969213297 0.19513790159733396
0 0.7572388507820912 0.5414871013019384 0.10806023583078173 0.21122453864657673
0 0.3274895876540915 0.5322197995235703 0.10255231118892158 0.21157424814764703
0 0.16828433729175038 0.48133706711781393 0.12091205999512229 0.20003383461232077
0 0.6400573513608976 0.9296577776048324 0.2738856744322486 0.14068444479033515
