0 0.36730410447761197 0.8190298507462684 0.2560634328358209 0.36194029850746234
0 0.5604011194029853 0.5307835820895523 0.16091417910447808 0.2444029850746268
0 0.9409981343283582 0.5764925373134328 0.07695895522388056 0.16417910447761205
0 0.9792444029850746 0.4981343283582089 0.04151119402985074 0.10074626865671639
0 0.4393656716417911 0.4561567164179104 0.15671641791044785 0.19589552238805974
0 0.7730876865671644 0.33022388059701496 0.06576492537313428 0.08955223880597017
0 0.7024253731343282 0.3059701492537313 0.06996268656716423 0.10074626865671647
0 0.9645522388059702 0.3619402985074627 0.07089552238805964 0.0671641791044776
0 0.9701492537313433 0.4132462686567164 0.059701492537313355 0.0578358208955224
0 0.21968283582089548 0.5466417910447762 0.15111940298507462 0.17910447761194034
0 0.3610074626865672 0.40951492537313455 0.12593283582089554 0.13992537313432873
0 0.17744645351966676 0.4967304673555838 0.13821206178667528 0.16704339510561464
0 0.27330320604913505 0.35168211003967564 0.10432781438090961 0.1075973470253253
0 0.1611730978576873 0.45065978009335894 0.10834042262632926 0.11413641231415682
0 0.13152438137764247 0.43282596566927184 0.10343612365970525 0.10581396558291639
0 0.12238455148529781 0.39923894850390795 0.09764013397187701 0.09095245356284391
0 0.11079257210964116 0.37486606879098844 0.07713124738417694 0.06598511336912127
0 0.09072953088254315 0.3588156358093103 0.07980631954778984 0.07668540202357385
0 0.09211681004177219 0.33383942398010874 0.07034374585008046 0.05075306338389737
0 0.07887026049857532 0.33550412383955647 0.07247537451220434 0.0686993453573534
0 0.06882115394856374 0.3297791789093967 0.060903676060675975 0.06130970056774556
0 0.07217085613190091 0.30968096580937393 0.06333982310310296 0.05440728394753644
0 0.24848699832755766 0.32693700735989917 0.08770129352737319 0.09541575916172576
0 0.21666482758585429 0.3098839780629096 0.07826122373796812 0.08648322000616038
0 0.19976405747901682 0.2979062551043101 0.08221996268191263 0.07308441127281086
0 0.17890454842823555 0.2808532258073208 0.06973470908947368 0.0722723622586684
0 0.1548475963842684 0.2676574293275076 0.06059915768037251 0.06455789662431706
0 0.12515705430468893 0.2585218779184061 0.055422345215215156 0.04872294084853962
0 0.22351649114268038 0.17975312354659917 0.02923376450912467 0.033294009579836116
0 0.2500095902290743 0.1718356456587113 0.03776027915761871 0.03451208310104967
0 0.31822170741703154 0.15315851833343738 0.03593316887579869 0.03857232817176139
0 0.3500438781587345 0.14828622424858326 0.03989190781974264 0.036136181129334415
0 0.40896818474743873 0.13732356255766168 0.03410605859397844 0.03613618112933439
0 0.44063809629899015 0.13427837875462792 0.03349702183337168 0.030857862537409127
0 0.4753531916535754 0.13204524396573647 0.031669911551551654 0.03451208310104954
0 0.5332116839112171 0.1365115135435193 0.028015690987911235 0.032887985072765
0 0.595942470253714 0.13569946452937698 0.02679761746669658 0.032075936058622544
0 0.6856231332530576 0.1529555060799016 0.031974429931857076 0.03979040169297518
0 0.7162272304735475 0.15863984917889823 0.03227894831215972 0.03654220563640555
0 0.7466790685038852 0.16229406974253874 0.03897835267883429 0.042226548735401964
0 0.7348028516720545 0.09306689128690383 0.014616882254562142 0.016647004789918096
0 0.8476269115744555 0.22279172129614344 0.05511782683491382 0.0373542546505479
0 0.8742722698510014 0.26298814749618943 0.06760308042735148 0.06333982310310325
0 0.9309126885874299 0.3247444744021704 0.06090367606067773 0.05367643859572113
0 0.637927645819282 0.21690436594361145 0.06273078634249618 0.05724945549703559
0 0.542156615213869 0.23578450552242092 0.07217085613190082 0.06902416620209936
0 0.4967833765486657 0.22015256200018093 0.07095278261068758 0.05806150451117762
0 0.45415080330619256 0.21487424340825576 0.07582507669554106 0.05318921042632386
