0 0.7003821536619382 0.6042678808752343 0.19582865773729627 0.216717047895941
0 0.9193838692314786 0.587731238666307 0.12598310314432867 0.15579257659989398
0 0.9298280643108012 0.4854651618479424 0.1194554812197518 0.11662684505243416
0 0.7822045413458363 0.422228417619716 0.12171578344439475 0.1284034638534282
0 0.7929048300002881 0.37080758603026465 0.12082409272319033 0.11829763567977909
0 0.9130601546825747 0.41450043136927783 0.08560230923561915 0.07965770442759129
0 0.9143976907643817 0.39405098992258414 0.08827738139923119 0.0744264503823742
0 0.9739180464047724 0.34613747607694434 0.034330092766367684 0.048745759425838815
0 0.9070412423144455 0.318197833479208 0.0753478659417671 0.06182389000350134
0 0.8076177269001599 0.32325074756603256 0.0824813917114031 0.07549648106196967
0 0.8232223145212361 0.3018501702571278 0.06553926800852052 0.07074079721554707
0 0.8227764691606342 0.2774772905442094 0.07713124738417677 0.06717403433072856
0 0.833476757815086 0.2629130087645376 0.06197250512370334 0.060634969041897586
0 0.03811977833148621 0.6775491941245637 0.07623955666297241 0.18844397241452074
0 0.17833814424087102 0.5571709467619741 0.10611119582331857 0.17596030231766238
0 0.26505506687799474 0.45314036262146584 0.13598283498366462 0.1569375669319686
0 0.36759949981649565 0.36813251386665174 0.10120689685669416 0.10938072846773544
0 0.4910699193007041 0.30480722509867264 0.10922394797658484 0.07885599930721157
0 0.5600269740140313 0.2601780850652299 0.09211051833969992 0.06811816110367604
0 0.5830546035989573 0.2423935405406246 0.08783216093047805 0.05469586334925762
0 0.6284806925615686 0.2212534215774145 0.0699637270449083 0.04731359958432691
0 0.6381699137530403 0.20682445149141448 0.0727320759567564 0.051340288910652856
0 0.6599392029234881 0.19994552389227493 0.06040033989488427 0.04966250169135007
0 0.6750392878972091 0.19491216223436786 0.047816935750117 0.04496469747730353
0 0.7148028449946752 0.17897318365099557 0.0458035910869545 0.03322018694218669
0 0.6068372374325681 0.16638977950622763 0.055366978236977976 0.03422685927376832
0 0.5690870249982647 0.1806509708702978 0.06946039087911797 0.043286910258001014
0 0.5411518677968806 0.18937546441067016 0.07046706321069898 0.04060245070711724
0 0.5081833489375893 0.20464332810632171 0.04630692725274481 0.052346961242233675
0 0.42337120500185366 0.2387024086581592 0.07550042486860765 0.05536697823697906
0 0.2533039254341748 0.23501127677569453 0.04907527616459416 0.0459713698088848
0 0.12067484574832253 0.26705701266436943 0.03095517419612883 0.03959577837553625
0 0.20146030035773152 0.18400654530890256 0.03397519119087288 0.03187795716674497
0 0.23921051279203492 0.19826773667297193 0.03699520818561688 0.03288462949832627
0 0.29608749952638497 0.17259759221764615 0.04907527616459396 0.03120684227902398
0 0.35447449475810766 0.15279970302987825 0.03951188901457049 0.02852238272814017
0 0.2460055510302096 0.16420865612113467 0.027431821035593433 0.02583792317725647
0 0.17704849631688238 0.1628664263456925 0.017868433885569864 0.022482348738651604
0 0.3055250526349608 0.14055185632897124 0.033220186942186904 0.020804561519349396
0 0.39285387739964894 0.1387062903877387 0.039763557097466144 0.025837923177256444
0 0.4161331750674687 0.13216292023245912 0.033975191190872674 0.02617348062111672
0 0.44859835776097023 0.12377398413594726 0.03447852735666361 0.026844595508837808
0 0.3808996434621196 0.17360426454922773 0.04001522518036142 0.03322018694218698
0 0.4224248771398533 0.15531638385883195 0.04202856984352386 0.02080456151934955
0 0.4482208556366274 0.14239742227020372 0.04681026341853542 0.017113429636884395
0 0.4777918553768315 0.1423974222702038 0.04857193999880317 0.031877957166745116
0 0.4999386466716215 0.14172630738248285 0.04152523367773535 0.029864612503582157
0 0.5227146081736516 0.139041847831599 0.03674354010272128 0.027180152952698072
0 0.24336303615980806 0.12209619691664525 0.022146791294791163 0.01812010196846561
0 0.21341453429526083 0.12981401812543603 0.020133446631628152 0.01812010196846568
0 0.191519411083365 0.13702850316843626 0.021643455129000507 0.019126774300047143
0 0.17818100268991127 0.14172630738248274 0.017616765802674704 0.017113429636883767
0 0.1409341264213988 0.16622200078429739 0.014596748807930498 0.015100084973721188
