0 0.037375415282392015 0.957641196013289 0.07475083056478404 0.084717607973422
0 0.6545656146179347 0.21675526024362998 0.0717342192691069 0.07411738648947681
0 0.9296519933554775 0.27192524916943434 0.05929235880398769 0.0667342192691029
0 0.78475 0.06783333333333333 0.010499999999999829 0.009000000000000013
0 0.8785 0.11916666666666664 0.011000000000000086 0.012999999999999989
0 0.955374999999999 0.17616666666666653 0.010249999999998363 0.010999999999999802
0 0.9342499999999991 0.20149999999999987 0.02649999999999798 0.02566666666666639
0 0.9237499999999986 0.19116666666666646 0.02749999999999799 0.021666666666666362
0 0.9858749999999984 0.23933333333333306 0.019749999999997454 0.021999999999999506
0 0.9742499999999992 0.22483333333333294 0.015499999999998192 0.014999999999999437
0 0.9657499999999994 0.21799999999999983 0.013999999999998791 0.017333333333333027
0 0.3833749999999999 0.003333333333333333 0.015750000000000028 0.006666666666666666
0 0.30974999999999897 0.016999999999999925 0.013499999999999927 0.009999999999999919
0 0.23988108531120378 0.029282236965026884 0.0162378293775942 0.009317105836792116
0 0.18541940758743258 0.04483333333333324 0.019161184825135104 0.009666666666666511
0 0.1649455592412568 0.0504703949417115 0.01569769669235267 0.010360088456827914
0 0.13112894786010762 0.05444078988342296 0.009153289104918772 0.0077526319067381085
0 0.024907412163622914 0.11157768017396325 0.022720075684664526 0.025213168875735346
