0 0.202457264957265 0.42806267806267806 0.09722222222222224 0.10683760683760682
0 0.4369658119658119 0.37678062678062674 0.08547008547008553 0.141025641025641
0 0.5101495726495727 0.41666666666666674 0.09294871794871795 0.1467236467236467
0 0.6159188034188035 0.47863247863247865 0.0886752136752137 0.18233618233618237
0 0.7366452991452991 0.584045584045584 0.12286324786324783 0.22507122507122504
0 0.8322649572649573 0.6801994301994302 0.13675213675213682 0.22934472934472935
0 0.9407051282051282 0.7742165242165242 0.11858974358974365 0.24643874643874653
0 0.3728632478632478 0.3055555555555556 0.08760683760683768 0.084045584045584
0 0.3317307692307693 0.28205128205128205 0.08012820512820515 0.07122507122507127
0 0.28899572649572647 0.24287749287749288 0.0651709401709402 0.06980056980056978
0 0.2590811965811966 0.23005698005698008 0.06303418803418807 0.061253561253561274
0 0.23557692307692307 0.22008547008547008 0.039529914529914514 0.04415954415954417
0 0.2174145299145299 0.20085470085470086 0.05235042735042736 0.05413105413105413
0 0.1153846153846154 0.21794871794871795 0.03205128205128206 0.025641025641025657
0 0.6479700854700855 0.9615384615384616 0.1848290598290599 0.07692307692307693
0 0.20375233890565997 0.1920299718158237 0.03657378532028821 0.030009259749979412
0 0.19151418766387132 0.18715346710645245 0.02897769144607498 0.03075949124373011
0 0.18715346710645228 0.1811516151564563 0.041075174282785946 0.03150972273747961
0 0.1750559842697413 0.17702534194083397 0.028696354635918943 0.02925902825623112
0 0.1397482145951548 0.15114235540647572 0.04191918471325422 0.027758565268732046
0 0.10640980259166075 0.19934472887988208 0.024194965673421845 0.021381597571861165
0 0.10078306638853939 0.18696590923301507 0.019130903090612623 0.021381597571861165
0 0.09853237190729085 0.14514050345647964 0.011816146026554862 0.009753009418743712
0 0.10767581823736305 0.13426214679711165 0.009846788355462372 0.008252546431244649
0 0.09670368264127639 0.1338870310502369 0.008158767494525971 0.0067520834437456755
0 0.12469669525180517 0.14889166092522718 0.021944271192173303 0.021006481824986434
