0 0.9207955716890228 0.9679585800847239 0.10249984840244045 0.06408283983055196
0 0.9019140206675209 0.48112516933118615 0.06669846594608576 0.12489614701668987
0 0.7334513511639877 0.26075866909754886 0.08582523191591905 0.08435394222593186
0 0.6125603816367071 0.33072666768805065 0.07454534429268406 0.12751177313222292
0 0.6311967177098785 0.17117347464055122 0.10004769891912865 0.07389143776380093
0 0.4835773188144972 0.2761254725263038 0.08043050305263305 0.08762347487034804
0 0.5652338966087863 0.1430554938985737 0.06228459687612418 0.04250392437740759
0 0.25160397769318404 0.7449764537355549 0.20794227618485567 0.32172201221053043
0 0.22007877318709607 0.2513134440961945 0.09406303193314706 0.0871219939533474
0 0.3534678224265258 0.1347717069940012 0.060148671811989726 0.059729225007164224
0 0.5224629400907573 0.11950384329834961 0.06996372704490914 0.04261579537028005
0 0.48823608081698855 0.09802816689127956 0.0629170207238387 0.0385891060439544
0 0.4682284682268081 0.08208918830790699 0.05511531015408251 0.03221351461060542
0 0.4160257187692726 0.062464447735872224 0.04815836434733258 0.02500257264050313
0 0.36334692647778943 0.0687875230309743 0.029461514668165732 0.028344211716678405
0 0.38032699106947176 0.04567699356073652 0.03872336808181068 0.019052955593783834
0 0.37618120906526914 0.03944361919980725 0.030431804073405542 0.00893842361189852
0 0.3628176777112956 0.0415018088472839 0.024169027003225443 0.01681834969080923
0 0.3721677392526895 0.032975023164880664 0.021169950659759785 0.0077623152419118435
0 0.3498951869960672 0.03650334827484059 0.025844981430456854 0.017641625549799846
0 0.37088872140032886 0.0067038177089239395 0.0124373460126089 0.010584975329879905
0 0.9410761107396087 0.2152464302873868 0.028787925328991548 0.028226600879679715
0 0.11946139807284528 0.2245306365096034 0.07374196268158408 0.07173654800104369
0 0.04821589867642034 0.2276247048738657 0.052083484131748146 0.0559224208059254
0 0.015470341821311344 0.2234076039387842 0.030940683642622684 0.039237369964396536
0 0.008508688001721236 0.2083956426158821 0.017017376003442473 0.012880491305866125
0 0.00515678060710378 0.19831127165087917 0.01031356121420756 0.019297818283595284
0 0.014954663760600976 0.18740181613845613 0.023721190792677416 0.025440117661712017
0 0.03343312760272284 0.17319202068777023 0.02733093721765003 0.025440117661711927
0 0.0945409777969026 0.14947082989509272 0.04125424485683017 0.04171262535523956
0 0.006445975758879724 0.14571210945842059 0.012891951517759449 0.016226670343119667
0 0.03790233746221277 0.12357233173497162 0.022861727358160087 0.014209795450685882
0 0.027244990874198304 0.12047826337070934 0.018392517498670154 0.015355746696709038
0 0.04727048889845133 0.11325877052076404 0.0165016979427321 0.014668175949095197
0 0.0666084161750905 0.0981322140732596 0.016673590629635544 0.0165016979427321
0 0.08070361650117412 0.10088249706371498 0.0304250055819123 0.022460644422051913
0 0.08336795314817781 0.13743834181185066 0.02681525915693972 0.02589849816012123
0 0.09935397303019944 0.12448909273179007 0.025783903035518876 0.018335219936368927
0 0.12874762249069105 0.10787279966445569 0.02750282990455352 0.022689834671256567
0 0.08182091896604665 0.08804784310825664 0.01512655644750442 0.011001131961821418
0 0.09557233391832336 0.08369322837336898 0.017533054064152842 0.015584936945913673
0 0.1179183832157731 0.07246290616234298 0.017189268690345916 0.014209795450685967
0 0.1316449141612464 0.05675158115109365 0.014353868060973517 0.009515785902619277
0 0.16027246107614895 0.059531473661971236 0.018684085241379034 0.013364867840757416
0 0.16015217726558206 0.045685470578946445 0.018283139206156207 0.01154724581441445
0 0.13645626658391913 0.1426609516314825 0.046910686121058705 0.039560008808642
0 0.1824447768239655 0.1358715987683782 0.048755037883083156 0.04479903700221887
0 0.25786498491396814 0.11322197372921351 0.04840498063201446 0.04588388789076342
0 0.31402232572532823 0.03907693748938643 0.01853003164819292 0.019160304833505597
0 0.29133249105407183 0.06617868445783187 0.04084170240826237 0.02495881813838228
0 0.28764539291999264 0.05962384333057999 0.024769736182788115 0.015882884269879667
0 0.2826347210967566 0.05420349393689082 0.03630373547401031 0.01966452338175571
0 0.15528802400432876 0.11899557738703483 0.03687098134079222 0.02621936450900765
0 0.18279745970222172 0.07623038160631596 0.024150212209577093 0.01988841005494568
0 0.1874144120364054 0.08835284106837808 0.02116695070133516 0.022540198062271744
0 0.20531398108585655 0.08513281277376775 0.03338411687794457 0.023676678636839966
0 0.2320212745882126 0.07859804946999994 0.02343991185047135 0.023108438349555952
0 0.24864230299127432 0.07736686218088426 0.033952357165228875 0.025191986069597844
0 0.2211536790939027 0.06789619072614828 0.02500257264050308 0.014963660898482969
0 0.21106741399460882 0.06278202814059078 0.02187725106044042 0.017236622047619624
0 0.22783050246949166 0.05539490440589665 0.02301373163500859 0.014963660898482951
0 0.24395432062117972 0.05141722239490752 0.01718926869034594 0.01420600718210404
0 0.22946419329543383 0.033147350091576176 0.016905148546703865 0.012880113178441031
