0 0.4006410256410257 0.7713675213675214 0.1602564102564103 0.368945868945869
0 0.5213675213675214 0.6509971509971509 0.16025641025641021 0.28774928774928776
0 0.6116452991452991 0.5185185185185185 0.1335470085470086 0.23931623931623924
0 0.6832264957264956 0.41880341880341887 0.13568376068376062 0.21652421652421658
0 0.7083333333333335 0.3454415954415954 0.11965811965811966 0.17236467236467243
0 0.9155982905982906 0.32193732193732194 0.049145299145299075 0.094017094017094
0 0.7211538461538461 0.2720797720797721 0.10897435897435911 0.14245014245014245
0 0.7425213675213675 0.2606837606837607 0.08974358974358979 0.13105413105413105
0 0.7489316239316238 0.21794871794871795 0.09615384615384627 0.11396011396011396
0 0.4305555555555556 0.22435897435897437 0.10470085470085472 0.10683760683760685
0 0.6298076923076923 0.10968660968660968 0.06303418803418807 0.06552706552706553
0 0.07532051282051283 0.07122507122507123 0.033119658119658134 0.03988603988603989
0 0.6474007949450686 0.11097611813416261 0.049020125801593366 0.05582847660737013
0 0.6582941562343114 0.10257915214037118 0.03812676451235028 0.0399423247272242
0 0.6668045947415325 0.09781330657632738 0.05106263104332626 0.04856623574787485
0 0.6816127577440971 0.09781330657632736 0.03982885221379462 0.04311955510325336
0 0.7668873515864522 0.17066266019813964 0.05855181692968074 0.05537458655365169
0 0.7798232181174282 0.16566986960723662 0.044935115318127286 0.05991348709083624
0 0.8067162038002468 0.12186947942340556 0.03540342419003949 0.047658455640437955
0 0.8080778739614022 0.1091605579192888 0.02723340322310719 0.035857314243758064
0 0.7937803372692709 0.06581405778917619 0.010212526208665362 0.014524481718990638
0 0.8021205670063474 0.06785656303090924 0.007148768346065708 0.013162811557835212
0 0.8708849101446936 0.0955438563077351 0.005787098184910348 0.008623911020650663
0 0.8586298786942952 0.07511880389040454 0.011233778829531787 0.011347251342961408
0 0.8228860369639668 0.06150210227885085 0.00919127358779889 0.007716130913213766
0 0.7724470784766096 0.1944398833352691 0.06675355222793997 0.07706923526699573
0 0.8118666956036549 0.10888524358341681 0.029351310702334103 0.03086262480353847
0 0.8168778949918581 0.10888524358341681 0.026010511110198566 0.03086262480353847
0 0.8191448661436647 0.10283998717859999 0.026965025279380227 0.025453711178176058
0 0.8217697801089139 0.1019650158568502 0.023862854229540174 0.023067425755222075
0 0.8264230366836742 0.09989690182362337 0.01861302629904131 0.021476568806586053
0 0.8298831505469576 0.09926055904416899 0.020522054637404353 0.02306742575522204
0 0.8237384655828509 0.08828364609858057 0.017300569316416416 0.016703997960678053
0 0.8245736654808848 0.08645416060764917 0.016823312231825725 0.020999311721995265
0 0.8396072636454952 0.07396593356085653 0.012766627012803866 0.01702216935040524
0 0.8354312641553243 0.08231793254119539 0.014437026808868875 0.015908569486359752
0 0.8153268094669355 0.06203450644608638 0.006204342099685433 0.007795199048316654
0 0.8093014387739781 0.056148335736133204 0.004891885117057882 0.006522513489407767
0 0.7642006442801491 0.05933004963340529 0.03233416748102578 0.0373851382929461
