0 0.3183760683760684 0.3568376068376068 0.09829059829059833 0.06695156695156697
0 0.09241452991452992 0.6025641025641029 0.18482905982905984 0.22507122507122465
0 0.2403846153846154 0.5334757834757835 0.08974358974358974 0.14102564102564102
0 0.32425213675213677 0.5284900284900285 0.07158119658119663 0.14245014245014245
0 0.40384615384615385 0.5185185185185186 0.07905982905982903 0.13390313390313394
0 0.48504273504273493 0.4950142450142449 0.0876068376068376 0.14102564102564075
0 0.8279914529914529 0.31054131054131057 0.05555555555555543 0.05128205128205128
0 0.5694444444444445 0.48361823361823364 0.0982905982905983 0.12962962962962962
0 0.6463675213675214 0.485042735042735 0.10683760683760682 0.1353276353276353
0 0.7142094017094016 0.47364672364672367 0.09722222222222214 0.1353276353276354
0 0.7542735042735044 0.4494301994301994 0.10256410256410263 0.12393162393162399
0 0.8060897435897436 0.44230769230769235 0.08440170940170943 0.11538461538461534
0 0.8477564102564102 0.45085470085470086 0.08867521367521376 0.10398860398860393
0 0.872863247863248 0.43803418803418803 0.07905982905982896 0.10113960113960119
0 0.8867521367521368 0.4309116809116809 0.09401709401709396 0.09259259259259252
0 0.9316239316239315 0.42663817663817666 0.07051282051282058 0.06980056980056978
0 0.9577991452991452 0.4230769230769231 0.045940170940170756 0.06552706552706553
0 0.9716880341880342 0.41737891737891736 0.03952991452991455 0.05413105413105413
0 0.9807692307692308 0.42022792022792027 0.036324786324786376 0.06267806267806264
0 0.7804487179487173 0.9245014245014243 0.20833333333333176 0.15099715099715058
