0 0.9767749177601561 0.65378898562984 0.046450164479687854 0.1600270676898566
0 0.9376817669092387 0.4754895965090503 0.05597100564633209 0.06731907895606959
0 0.4609184327310748 0.42990496304451187 0.1012671287724875 0.13463815791213904
0 0.259515049375648 0.8411269736636758 0.18782023028743397 0.26081334589837224
0 0.0565480263230984 0.5755051221255846 0.07674375000991926 0.09501607144085249
0 0.03586427264922767 0.5239579416677942 0.06187572314207412 0.06384628757335037
0 0.013695422797369903 0.48283883053516335 0.027390845594739806 0.08250096418943223
0 0.05770226672626227 0.3970722508513697 0.03058913684603393 0.036054395962525375
0 0.12053235380801595 0.42105413413866033 0.0517568195434894 0.061830841944783256
0 0.21884583963116902 0.36950124217414443 0.06803024034557942 0.07781876413631032
0 0.24460189285552958 0.3728456544693108 0.07696226830462134 0.0880967141165776
0 0.2789351400515181 0.3725544458865365 0.08128023086180751 0.09949055580898843
0 0.3194331261169799 0.3878461837947572 0.11805472365554932 0.14426920199889107
