0 0.7539629388171211 0.09934236692811332 0.05227695722641926 0.03865129132420625
0 0.9100683585269351 0.14094481660419345 0.0386414212293826 0.0430336134253166
0 0.6652505265541068 0.06655404938690572 0.043482702739732516 0.03799986506593321
0 0.3626630295862337 0.03734843880766001 0.03436273512390822 0.03474273377456752
0 0.33180171060054403 0.04711983268175704 0.029965607880565178 0.036479870463295816
0 0.2633205251995799 0.0735025961418192 0.02719704628290369 0.035828444205022715
0 0.2332734890367315 0.08555398191987224 0.0312684603971109 0.03908557549638833
0 0.21731354570903988 0.16861082984969777 0.04103985427120871 0.061451210363766516
0 0.0797811769311231 0.19966214816071737 0.040225571448366686 0.053634095264489125
0 0.1029068090998196 0.2745761678621264 0.06074549858397067 0.1079196167872502
0 0.15811518448846784 0.24580484145506326 0.05520837538864873 0.09597680205224282
0 0.024672769532095136 0.36545013089123274 0.049019825935053704 0.07903971933713833
0 0.20045762958403476 0.5148037442152681 0.11075911890529318 0.26531410717714915
0 0.10980703478862867 0.5651584152744114 0.0818792340331393 0.20945850566617208
0 0.04125697838879116 0.8565526597558953 0.08251395677758232 0.2631983646956732
0 0.08124451128869647 0.8578221052447813 0.002538890977771766 0.0016925939851812188
0 0.359263387599302 0.7941465079480159 0.16304948276073603 0.37002939610985763
0 0.6181994832789166 0.5871665945988961 0.18079061819066095 0.26470900482744714
0 0.7151421161638624 0.5381672681733899 0.17614413033996662 0.2320427872104432
0 0.5820836004394275 0.321331168474311 0.1313688837787284 0.19825014829630136
0 0.653048142159126 0.3027452170715328 0.10771403653882752 0.14080266214225906
0 0.7553902027503622 0.266401204298978 0.11202856439418049 0.12567510339970236
0 0.8277485956168573 0.2488405417027231 0.08917854559423401 0.10155563911087048
0 0.9895018082344387 0.25974297834272514 0.020996383531116974 0.034276147473876084
0 0.9851275616654557 0.2900710878876725 0.029744876669082713 0.06406588821033304
0 0.9534310980655926 0.34040857148150555 0.08452390293295911 0.09941877330118892
0 0.9191639234051927 0.3598885495353765 0.10422820132370304 0.12080996062520008
0 0.9769191729293422 0.9429973513255091 0.04616165414130322 0.11400529734897828
0 0.3613839875104467 0.10807610052769437 0.048264763681145496 0.053693315833422364
0 0.450135314211585 0.13416148499463398 0.06926796277531556 0.06323440300072686
0 0.5092176230048122 0.1237919744424692 0.0633385883904361 0.06018238393750079
0 0.9013625172267618 0.03651935084258505 0.033607672870000584 0.02803106929538961
0 0.9237182819993174 0.03888817359994192 0.018210324947180966 0.023293423780675875
0 0.9390416042109695 0.049745277904494234 0.018358376369515667 0.021319404816211814
