0 0.2086925343619592 0.4488612133343847 0.07000877563174632 0.14336725344683077
0 0.2795052385177069 0.40330526364100067 0.07101368628674799 0.174184513533533
0 0.44783621824320385 0.34923793195430614 0.07972291196342525 0.10451070812011995
0 0.5146627768007845 0.32802315145983735 0.08206770349176452 0.11299662031790722
0 0.6264758356805793 0.2948387678154108 0.09459558965744602 0.09611411995089232
0 0.6766486880665339 0.2794324451478081 0.09174834280160525 0.10022308932544828
0 0.7895838971777467 0.26985229690346374 0.090642941081104 0.07320215837986176
0 0.9159288494963057 0.24979718172060647 0.0618813672852452 0.05042185482501474
0 0.9477289965734462 0.24281729685846584 0.04266063956786149 0.04479627598090165
0 0.9617929436837259 0.2412546360684344 0.03172201403763825 0.02708612036054492
0 0.9792166114925756 0.24333818378847635 0.027502829904550097 0.035837020784721
0 0.990780301338807 0.2405253943664183 0.018439397322376445 0.026877765588539312
