0 0.6838651036932667 0.9312383693520146 0.2738828642271292 0.13752326129597064
0 0.7324213936431516 0.6183200563416443 0.21485364899393553 0.16418161656257405
0 0.7421009154959064 0.509570892793754 0.15804596336629229 0.12609825189599777
0 0.7413764207329501 0.3700337816482099 0.11802695661129065 0.09696490711499979
0 0.7223293032246761 0.31508298020208264 0.10121535487918905 0.07667287059874844
0 0.4256697852070886 0.27722425749210877 0.0936913815961342 0.06783518769484286
0 0.39324504320154297 0.32093495942223627 0.11053075037249473 0.08455512832385331
0 0.3137058970663929 0.4402436786249618 0.1409849279467641 0.12492184212817882
0 0.023109346512239597 0.7379780499687001 0.04586040858242897 0.12086128511827625
0 0.04111313972526345 0.8785535767334958 0.0822262794505269 0.24289284653300885
0 0.010927675482531903 0.5731269414185924 0.021855350965063806 0.06950718175774391
