0 0.26411960132890366 0.9252491694352158 0.1445182724252492 0.1495016611295681
0 0.04485049833887044 0.9227574750830566 0.08970099667774085 0.15448504983388708
0 0.7481312292358798 0.3911960132890367 0.08845514950166104 0.11794019933554832
0 0.8414447674418559 0.3217619047619022 0.06128820598006421 0.054128460686597234
0 0.6791117109634496 0.30963676633443976 0.07699252491693834 0.07041196013288947
0 0.6372508305647839 0.4127906976744186 0.10340531561461802 0.12458471760797347
0 0.5556478405315616 0.4119601328903654 0.08720930232558147 0.11960132890365444
0 0.4771594684385381 0.4136212624584718 0.08471760797342193 0.1196013289036545
0 0.31457641196013286 0.43936877076411934 0.08347176079734223 0.1511627906976746
0 0.23484219269102988 0.4609634551495019 0.08347176079734214 0.14451827242524884
0 0.1656976744186047 0.4692691029900331 0.09219269102990048 0.17109634551495026
0 0.10402823920265782 0.47840531561461797 0.08347176079734218 0.14285714285714288
0 0.5813085548172663 0.3132951273532646 0.06277159468438316 0.06775083056478345
0 0.5235078903654476 0.32026744186046474 0.07175498338870279 0.08703986710963395
0 0.4571009136212564 0.31262846068659855 0.04758388704319158 0.06647286821705392
0 0.3920647840531556 0.3322286821705421 0.05058803986710874 0.08305094130675425
0 0.3301495016611296 0.3363787375415282 0.05232558139534891 0.07475083056478404
0 0.26661129568106307 0.34966777408637884 0.06727574750830552 0.08471760797342189
0 0.19808970099667766 0.36877076411960147 0.06478405315614602 0.07641196013289012
0 0.15199335548172754 0.3737541528239202 0.06976744186046506 0.09634551495016636
0 0.23460257475082966 0.2475138427463999 0.041608803986710956 0.05247840531561407
0 0.2733426079734208 0.23737763012181542 0.03886295681062999 0.049506090808416496
0 0.3164451827242525 0.23006644518272423 0.032392026578073045 0.048172757475083046
0 0.35856021594684234 0.22173864894795034 0.03439617940199439 0.047528239202656745
0 0.39493355481727477 0.21560797342192675 0.03488372093023246 0.04915614617940215
0 0.43542358803986714 0.2151162790697675 0.03862126245847172 0.04485049833887043
0 0.4760323920265774 0.21511351052048638 0.03762126245847123 0.048178294573642776
0 0.5147807308970066 0.21462458471760598 0.03637541528239061 0.04251162790697561
0 0.5551416112956786 0.21445238095237965 0.043362956810629384 0.04748947951273432
0 0.5933920265780706 0.191857696566998 0.03913787375415213 0.039522702104097
0 0.650330149501659 0.19352159468438482 0.04485465116278685 0.044850498338869456
0 0.6831976558966839 0.224749723145071 0.04835425440231442 0.037517165005536424
0 0.694793387749006 0.2035604507752646 0.038145782641519854 0.03143945282377722
0 0.7226017441860434 0.2064745293466213 0.03237126245846851 0.03290033222591254
0 0.4982200996677734 0.18869933554817248 0.03413787375415223 0.03987264673311157
0 0.5320996677740845 0.19137430786267895 0.03214617940199183 0.031233665559246514
0 0.46333430232557954 0.19021871539313323 0.02965863787375766 0.038900332225914824
0 0.4258338870431884 0.18919379844961193 0.030392026578071264 0.033572535991139574
0 0.35768106312292297 0.19600775193798395 0.029671096345516092 0.0319114064230332
0 0.3199244186046511 0.19950498338870432 0.029900332225913574 0.028239202657807317
0 0.2865448504983389 0.2084717607973422 0.022425249169435234 0.028239202657807282
0 0.2514069767441847 0.2201079734219259 0.03290033222591108 0.03157807308970302
0 0.2844260797342184 0.17542137320044238 0.028671096345515096 0.033261351052048714
0 0.31283887043189174 0.17108250276854825 0.028671096345515793 0.034561461794019394
0 0.33849750830564623 0.16494352159468284 0.0231627906976742 0.03488372093023173
0 0.36615822259136194 0.16194629014396444 0.025666943521595095 0.03223366555924688
0 0.41598172757474855 0.1579684385382051 0.022679401993353814 0.026255813953487785
0 0.4462653654485021 0.15547674418604593 0.022912790697671735 0.03058361018826069
0 0.49983679401992953 0.15347951273532562 0.02841279069767638 0.02725581395348875
0 0.5134161129568061 0.14452104097452825 0.02267940199335692 0.023905869324474013
0 0.535953903654482 0.14484330011074134 0.02442940199335396 0.025261351052048443
0 0.4660676910298978 0.1443488372093018 0.021183554817275022 0.025594684385382042
0 0.3916918604651138 0.1478405315614612 0.01994186046511534 0.024611295681063083
0 0.5997462624584698 0.14917109634551454 0.02641279069767255 0.0245836101882609
0 0.6207923588039828 0.14699889258028706 0.030171096345512405 0.03290586932447291
0 0.6656532392026534 0.1435238095238088 0.023675249169436842 0.023244739756367983
0 0.3168749999999999 0.1525 0.021249999999999963 0.019000000000000003
0 0.6354999999999975 0.1336666666666661 0.019499999999995306 0.019333333333332314
0 0.6783749999999985 0.12433333333333307 0.018749999999997827 0.012666666666666182
0 0.5843749999999984 0.1316666666666664 0.02074999999999723 0.020666666666666215
0 0.6046249999999983 0.1289999999999997 0.018249999999997234 0.015999999999999473
0 0.5783749999999999 0.11499999999999996 0.018750000000000072 0.015333333333333332
0 0.41624999999999984 0.14366666666666664 0.021500000000000057 0.016000000000000014
0 0.4418749999999996 0.14399999999999985 0.02074999999999944 0.02599999999999977
0 0.3434999999999993 0.15266666666666606 0.016999999999998634 0.02066666666666551
0 0.29216462331807935 0.11504465769642323 0.011329246636158717 0.015211324363089994
0 0.30630509357284325 0.11341436149625485 0.012294242196571225 0.01320492680372468
0 0.2721544208045898 0.08780135692006472 0.012635748924253782 0.008423832616169183
0 0.33576004883546196 0.08472779637092191 0.009049928283587149 0.008651503767957553
0 0.39757276654600093 0.07926368872800132 0.008708421555904735 0.010017530678687709
0 0.4544336367051429 0.0747102656922342 0.01417252919882511 0.007740819160804175
0 0.4591293542107779 0.06856314459394854 0.007171641281333265 0.0072854768572273975
0 0.4400049774605559 0.06901848689752527 0.011269722013523734 0.005919449946497259
0 0.32799077078068434 0.12274887871957749 0.014684789290349087 0.01593698062518497
0 0.3328572416501605 0.11705709992486854 0.011440475377364905 0.014115611410878123
0 0.3450661071648111 0.12035833162579972 0.014001775834983876 0.015253967169819882
0 0.3623121969127792 0.11626025089360928 0.014684789290349111 0.019352047902010377
0 0.3778507530223344 0.11694326434897437 0.01434328256266646 0.014798624866243202
0 0.39338930913188974 0.11455271725519661 0.01263574892425389 0.015936980625184952
0 0.41055002219793724 0.11193449900963051 0.016221569564920487 0.01980739020558705
0 0.42429566798715923 0.10009559911663597 0.010586708558158549 0.01479862486624322
0 0.3972312598183183 0.10089244814789522 0.011440475377364905 0.013660269107301382
0 0.384254004166382 0.10271381736220206 0.011098968649682349 0.013204926803724674
0 0.4526407263848097 0.12718846617945043 0.015709309473396545 0.02162875941989389
0 0.44632285192268273 0.12001682489811717 0.015709309473396688 0.020035061357375383
0 0.4396634707328733 0.11136532113015964 0.01434328256266653 0.016847665232338417
0 0.44931103578990494 0.0982742299023291 0.012464995560412575 0.012977255651936357
0 0.45597041697971435 0.11045463652300619 0.013148009015777617 0.015936980625185004
0 0.4654472286729047 0.12069983835348225 0.014684789290349016 0.01821369214306854
0 0.47150897308926987 0.1277576440589213 0.018612116658698212 0.021401088268105474
0 0.4682646591762856 0.10692573367028668 0.013148009015777628 0.014798624866243225
0 0.49063334983949164 0.14380846026000046 0.02100266375247571 0.024816155544930888
0 0.5116360135919675 0.1265054527240853 0.019295130114063135 0.019352047902010283
0 0.491487116658698 0.12775764405892132 0.018270609931015612 0.020490403660952106
0 0.48388859196776157 0.12069983835348226 0.015026296018031566 0.01821369214306858
0 0.5028422153541423 0.12001682489811719 0.017758349839491813 0.020490403660952127
0 0.4888404395191584 0.11102381440247708 0.015367802745714058 0.015709309473396632
0 0.49678047093777733 0.10385217312114385 0.016221569564920414 0.015026296018031538
0 0.5385296683969673 0.12149668738474151 0.020490403660952127 0.01980739020558703
0 0.5335778208455708 0.11102381440247712 0.015367802745714221 0.012521913348359623
0 0.555690381463015 0.1229765498713658 0.018612116658697837 0.018669034446645333
0 0.5628620227443478 0.11409737495161991 0.017246089747967944 0.01639232292876166
0 0.5987202291510141 0.10248614621041369 0.0008537668192063563 0.0009106846071534314
0 0.601793789700157 0.09531450492908046 0.011440475377364905 0.008879174919745925
0 0.6006838928351886 0.09178560207636094 0.015026296018031501 0.009562188375110985
0 0.5925731080527287 0.08643533000933452 0.019636636841746147 0.012521913348359594
0 0.5524460675500308 0.08302026273250922 0.015880062837237887 0.009334517223322635
0 0.5410055921726658 0.08028820891104894 0.009732941738952545 0.00796849031259253
0 0.4902064664298886 0.07311656762971568 0.01058670855815862 0.0063747922500739925
0 0.5754977716686017 0.08563848097807529 0.007000887917491951 0.005008765339343864
0 0.5708874308448875 0.08313409830840339 0.0070008879174920935 0.006374792250073984
0 0.5663860457026337 0.08119736955320271 0.009288088336257048 0.007594034488763498
0 0.5266487998489308 0.0768161958096853 0.00867472401216439 0.0053742397920480125
0 0.5217856969936264 0.07629045496046322 0.006659384090146432 0.005257408492220872
0 0.5092993518246018 0.07255185336599503 0.008849970961905101 0.004790083292912355
