0 0.6184701492537313 0.8582089552238804 0.2210820895522389 0.2835820895522389
0 0.615671641791045 0.5223880597014926 0.15391791044776093 0.2500000000000001
0 0.5366138059701494 0.44309701492537285 0.15251865671641823 0.1735074626865673
0 0.4463619402985073 0.400186567164179 0.15111940298507423 0.1847014925373137
0 0.28124999999999983 0.596082089552239 0.20429104477611926 0.24067164179104478
0 0.17490671641791042 0.45242537313432835 0.15391791044776115 0.17723880597014918
0 0.37150186567164184 0.3610074626865671 0.13292910447761194 0.158582089552239
0 0.3267257462686565 0.31156716417910435 0.12733208955223854 0.14179104477611937
0 0.2644589552238807 0.28451492537313444 0.10074626865671667 0.1063432835820895
0 0.14132462686567163 0.37499999999999983 0.12873134328358204 0.15298507462686592
0 0.23342399664585028 0.2577335959020268 0.096169949683609 0.10218824793967306
0 0.21297406481657666 0.23906458906689423 0.08474746523842894 0.08843213764010159
0 0.11901491857396916 0.34813089215635207 0.10759243412878887 0.10906630308945978
0 0.1039077617271181 0.3247946336124363 0.08990600660076774 0.08302795145098577
0 0.09911768760494638 0.2999845061078526 0.0862213341990977 0.07369344803341889
0 0.08014162473634161 0.27006496545663666 0.06964030839157928 0.07575686307905709
0 0.07148264459241518 0.2624008476108096 0.08253666179742819 0.05846346877317728
0 0.058770524806650695 0.2442231304292334 0.06595563598990904 0.053550572237616556
0 0.029293145593283536 0.22014993740498365 0.02468730509119503 0.034881565402484785
0 0.1841655008131602 0.23310833323297017 0.07050866124092992 0.07543109481822217
0 0.17709383567395187 0.21882634285378486 0.08090816879858935 0.06128776453980546
0 0.1569187910120929 0.2112000373115014 0.06801277942709198 0.06933005038439537
0 0.13955161339080177 0.18443863786312484 0.07071665139208322 0.07016201098900801
