0 0.9151119402985075 0.9608208955223881 0.12313432835820891 0.07835820895522388
0 0.6891324626865675 0.8712686567164178 0.18050373134328374 0.25746268656716426
0 0.38829291044776126 0.8143656716417912 0.19729477611940296 0.30783582089552236
0 0.21268656716417916 0.5167910447761195 0.16791044776119407 0.2164179104477612
0 0.15741604477611942 0.49067164179104467 0.13292910447761197 0.17164179104477603
0 0.12313432835820899 0.4468283582089553 0.123134328358209 0.18097014925373134
0 0.8662463918193447 0.42168982986939213 0.08327359627775838 0.10857501343590242
0 0.8141082773357021 0.36789361280499727 0.08143126007692471 0.08744955833298912
0 0.7616016956118924 0.321221095717166 0.08106279283675802 0.0727108687263056
0 0.7207018319533449 0.2755311579364464 0.08474746523842897 0.07369344803341792
0 0.6265584520906546 0.3040259578427016 0.12048878753463907 0.08843213764010117
0 0.2525842931345395 0.2615294028100973 0.0711141773522481 0.059446048080290505
0 0.34027949629430665 0.21166350297415107 0.0784835221555897 0.05993733773384582
0 0.3992342547210406 0.17481677895744205 0.055638553265229554 0.04225091020582534
0 0.42429002705240315 0.15884986521686867 0.06448176702924036 0.042742199859382615
0 0.4710853665536237 0.14681326870474368 0.054901618784895655 0.04323348951293862
0 0.5059055207494135 0.14337424112985098 0.048637675702055294 0.03537285505604044
0 0.5386991051242845 0.13772441011395556 0.05011154466272397 0.04077704124515788
0 0.6177353281401253 0.13403973771228458 0.049743077422555994 0.037338013670265235
0 0.5961799945903502 0.19864432715491442 0.07590425147442059 0.055515730851841444
0 0.9672064156251277 0.38680826446690747 0.04642687226105607 0.06435894461585216
0 0.9823135724719798 0.33797407215378106 0.035372855056040715 0.0678962286221585
0 0.9524677260184443 0.326133992252727 0.030951248174036876 0.049128965355611925
0 0.9312808597088368 0.34652251287530594 0.04163679813888275 0.05551573085184161
0 0.9213322442243255 0.29616532338580376 0.03426745333554032 0.043233489512938504
0 0.8933287339716263 0.309675788858597 0.05048001190289304 0.06042862738740276
0 0.8577716452955021 0.2782332510310054 0.05158541362339482 0.056498310158953874
0 0.8870647908887858 0.2657053648653243 0.03279358437487321 0.04126833089871432
0 0.7634440318127278 0.20773318574570246 0.05453315154473027 0.047163806741387496
0 0.756443154249553 0.16449969623276398 0.03168818265437093 0.03144253782759171
0 0.7798408240001637 0.13747876528717748 0.03279358437487042 0.024564482677805935
0 0.7932898782662622 0.13717831728157712 0.023581903370693862 0.024564482677805935
0 0.8014472228319914 0.13817484083312206 0.02076900462453891 0.022346059029746644
0 0.7675672828556667 0.10380040074669389 0.029990763434658854 0.02822660087967942
0 0.778432920410202 0.105885320129852 0.026382249117654997 0.03025806079147471
0 0.7915839503655084 0.11128472673751803 0.009542515638299014 0.015182489867100217
0 0.7941500049909342 0.1078098610989211 0.032316250438949146 0.03346562907325637
0 0.8128340902323146 0.11513380867565642 0.01740105792866009 0.019031571805237905
0 0.8237799169938923 0.1180206201292597 0.014754814096195808 0.01582400352345665
0 0.828511080209521 0.11621368983404391 0.02453789735562946 0.02054982046565785
