0 0.2601495726495726 0.391025641025641 0.11645299145299141 0.1353276353276354
0 0.3007478632478632 0.8568376068376068 0.2702991452991453 0.2863247863247863
0 0.038995726495726496 0.9572649572649573 0.07799145299145299 0.08547008547008544
0 0.5502136752136753 0.6032763532763533 0.22435897435897437 0.2521367521367522
0 0.6335470085470085 0.5448717948717949 0.16025641025641016 0.19515669515669523
0 0.6538461538461539 0.47008547008547 0.14957264957264954 0.16524216524216528
0 0.4471153846153847 0.3012820512820513 0.09508547008547005 0.09544159544159544
0 0.5213675213675214 0.2756410256410256 0.0982905982905983 0.09544159544159542
0 0.6132478632478632 0.25 0.07264957264957267 0.06695156695156694
0 0.6479700854700855 0.31695156695156695 0.1014957264957264 0.06980056980056978
0 0.7270299145299145 0.41025641025641024 0.11858974358974365 0.11111111111111108
0 0.7056623931623932 0.44301994301994296 0.12927350427350434 0.13105413105413105
0 0.7686965811965811 0.3618233618233618 0.08867521367521376 0.07692307692307693
0 0.8947649572649573 0.32478632478632474 0.02884615384615387 0.03988603988603991
0 0.889423076923077 0.2827635327635328 0.02029914529914521 0.03561253561253561
0 0.7783119658119658 0.33760683760683763 0.07158119658119659 0.0712250712250712
0 0.7863247863247864 0.33760683760683763 0.06837606837606827 0.06837606837606841
0 0.7889957264957265 0.3141025641025641 0.06089743589743591 0.05555555555555557
0 0.7932692307692308 0.3027065527065528 0.04807692307692293 0.06410256410256412
0 0.8044871794871795 0.3041310541310541 0.05555555555555557 0.058404558404558354
0 0.7889265579824568 0.2639683401919389 0.03112124300944224 0.03331688086968463
0 0.8050528057229431 0.26206501179638336 0.029296229817904588 0.03503147057590713
0 0.8133069022192575 0.2597399141917878 0.0258085834110112 0.03658153564563744
0 0.8217935084760315 0.2578798361081113 0.029296229817904588 0.037821587701421785
0 0.8233048219190187 0.2482694326757828 0.03138881766204065 0.03844161372931399
0 0.8288850561700479 0.24516930253632205 0.027668661494687826 0.03906163975720613
0 0.8356278392233751 0.24764940664789065 0.01976332963906259 0.0210808849483335
0 0.8364416233849837 0.241294139861996 0.023715995566874995 0.028831210296985432
0 0.8528335614973827 0.23261377547150575 0.017438232034466948 0.025731080157524674
0 0.8992192587090649 0.2505945302803784 0.007905331855625093 0.01395058562757363
0 0.7769191247073363 0.20889777990463057 0.021390897962279637 0.029761249338823674
0 0.7837781626408933 0.21230792305803747 0.01650819299262878 0.02232093700411781
0 0.7861032602454889 0.20843276038371147 0.02069336868090076 0.022630950018063842
0 0.7930785530592758 0.20998282545344185 0.016043173471709624 0.019530819878603084
0 0.8584137957484123 0.23152872992269447 0.01046293922068017 0.014880624669411873
