0 0.31483208955223885 0.9319029850746269 0.25466417910447753 0.1361940298507463
0 0.06856343283582089 0.934701492537313 0.13712686567164178 0.13059701492537285
0 0.2483675373134327 0.8190298507462674 0.24766791044776112 0.2873134328358204
0 0.21338619402985073 0.6791044776119404 0.1972947761194031 0.21641791044776132
0 0.19519589552238806 0.5680970149253732 0.177705223880597 0.18097014925373153
0 0.1826026119402986 0.4813432835820898 0.13572761194029842 0.13432835820895514
0 0.17700559701492533 0.43003731343283574 0.1357276119402985 0.11753731343283581
0 0.16301305970149252 0.3871268656716418 0.13013059701492535 0.10634328358208962
0 0.158115671641791 0.32462686567164156 0.10074626865671626 0.09701492537313479
0 0.14832089552238809 0.2873134328358209 0.08955223880597017 0.08208955223880586
0 0.14692164179104483 0.26679104477611937 0.0699626865671642 0.04477611940298518
0 0.051072761194029856 0.8220149225263451 0.10214552238805971 0.1626865614706011
0 0.05107276119402985 0.6830223852129125 0.10214552238805968 0.14216417341089976
0 0.02448694029850746 0.6063432835820894 0.048973880597014914 0.08955223880597
0 0.041977611940298525 0.521455223880597 0.08395522388059705 0.10261194029850758
0 0.039878731343283576 0.4572761165561959 0.07975746268656715 0.07873133759000413
0 0.04477611940298508 0.4190298478994795 0.08955223880597016 0.07313432266463112
0 0.05736940298507464 0.37499999999999994 0.0783582089552239 0.05223880597014926
0 0.06786380597014918 0.32835820895522383 0.07136194029850733 0.07462686567164195
0 0.7508804629607913 0.535746770722577 0.12827585231414187 0.17625225929637353
0 0.07573716797829622 0.30205266653435514 0.06520557296585774 0.05076279899738509
0 0.07168845593139654 0.2909719809323138 0.07245063662873082 0.05398282729199515
0 0.8577425373134325 0.5009328358208953 0.08115671641790997 0.12126865671641815
0 0.6668504629937345 0.45878710007195767 0.12527886165680913 0.1548544973015933
0 0.7412808455074843 0.3857814583031653 0.08548439971875918 0.09432761348278008
0 0.6049479666456636 0.39683547550818044 0.11348790997146282 0.11054017205012684
0 0.6248451976146864 0.3020165723718495 0.08401053075809538 0.08401053075809636
0 0.5377026953151701 0.3548302101291324 0.12343652545597453 0.10415340655389695
0 0.5822872313753875 0.27204790350492636 0.09248527728193824 0.06534152392296393
0 0.5824714649954718 0.22537538641709506 0.07958892387609125 0.051585413623392425
0 0.456455668858327 0.28187369657604855 0.10538163068778733 0.0849931100652089
0 0.4201616457018691 0.2575548587250198 0.10132849104594943 0.06779797219074614
0 0.37502440878140075 0.22341022780286982 0.08695826867943246 0.054533151544730714
0 0.3344930123630207 0.19909138995184267 0.07516731699408612 0.05109412396983644
0 0.31993855637642077 0.19172204514850066 0.06816643943091152 0.049128965355611995
0 0.4078179931562715 0.17477255210081416 0.07074571011208097 0.046672517087832564
0 0.37797214670273727 0.15929692801379675 0.05895475842673425 0.03635543436315326
0 0.25728148915071913 0.16231369010133598 0.02497050718487724 0.029233764509124512
0 0.246623345840101 0.14647873432556016 0.033497021833371714 0.025985568452555004
0 0.23718327605069614 0.1436365627760619 0.03471509535458527 0.024361470424270323
0 0.23672649848024108 0.13287691333867602 0.034410576974281924 0.01827110281820292
0 0.2868197720401467 0.12232027615482544 0.0401964262000467 0.022331347888914523
0 0.2518001583052585 0.11318472474572401 0.02497050718487716 0.017865078311131603
0 0.14765487224150256 0.15074199164980753 0.0322789483121582 0.027203641973768587
0 0.21982572837340356 0.1312528153103912 0.03045183803033785 0.020707249860629783
0 0.21784635890143167 0.1221172639012899 0.025275025565180374 0.013804833240419803
0 0.1925713333362511 0.11074857770329702 0.018575621198506087 0.012992784226277487
0 0.19089648224458244 0.10790640615379875 0.0194891763394162 0.016240980282846932
0 0.006242626796219277 0.2766501906730339 0.012485253592438555 0.028096894650236615
0 0.020250472290174733 0.22057820686604912 0.022838878522753462 0.01908315183234527
0 0.049179718418995794 0.18931431982156893 0.03867383429852919 0.02963978901619562
0 0.9809676012310373 0.43475613434609284 0.038064797537921705 0.08364104845666125
0 0.9809676012310368 0.3421825467338656 0.03014731965003456 0.05197113690511045
0 0.9496022080597897 0.3084825126469583 0.0264930990863957 0.04466269577782861
0 0.9034676734438267 0.3645138946227806 0.0444596835242967 0.07227236225866761
0 0.9119941880923216 0.32695662771869716 0.033497021833374746 0.03694823014347551
0 0.8573331388278642 0.3326409708176933 0.05146360627127516 0.07186633775159679
0 0.8800197581604668 0.30584335335099605 0.03288798507276768 0.04994101436975334
0 0.9214342578817246 0.2865571892651149 0.02436147042427038 0.040602450707116995
0 0.8964637506968509 0.26625596391155604 0.02923376450912456 0.04628679380611372
0 0.8414981830520909 0.231946893064042 0.030147319650035004 0.0345120831010497
0 0.8080011612187192 0.257932461516597 0.04659131218641741 0.050753063383896985
0 0.8159186391066071 0.21205169221755457 0.03136539317124804 0.03857232817176145
0 0.7728292882936789 0.22869869700747242 0.044459683524293435 0.05075306338389682
0 0.7885119848793029 0.20007396925895485 0.031974429931855106 0.028421715494982257
0 0.7643027736451842 0.18423901348317906 0.03227894831215853 0.03085786253740931
0 0.7359825642769701 0.24615775081153296 0.055422345215214636 0.05806150451117787
0 0.7069010589579974 0.19804384672359915 0.0447642019045965 0.03897835267883243
0 0.6677704470890131 0.20717939813270025 0.054813308454608266 0.044256671270758205
0 0.6779718128291761 0.17956973165186066 0.04293709162277666 0.03532413211519213
0 0.6466064196579282 0.16637393517204763 0.04476420190459662 0.02842171549498215
0 0.6367095722980688 0.1885022708074264 0.0505500511303604 0.03938437718590385
0 0.5750446002866341 0.16860706996093902 0.05877204739855216 0.03776027915761915
0 0.694720323745862 0.15053897939627178 0.03501961373488888 0.030857862537409107
0 0.654219379165513 0.1353130603811029 0.03441057697428259 0.024767494931341453
0 0.6164591000078936 0.12211726390128975 0.035628650495495504 0.023549421410128127
0 0.5776330065192129 0.14099740348009931 0.04506872028489986 0.02882774000205328
0 0.5313462127130989 0.14733138517086525 0.05420427169400146 0.03499931127044683
0 0.581439486273005 0.11074857770329699 0.0319744299318549 0.021113274367700968
0 0.555859942327521 0.13145582756392668 0.03501961373488833 0.024361470424270625
0 0.5465721317282679 0.10262808756187343 0.03166991155155138 0.02030122535355864
0 0.5878343722593758 0.0805958646536278 0.02649309908639401 0.015022906761633436
0 0.47577160830773146 0.06009162704653354 0.01979369471971962 0.013804833240419851
0 0.49358593355547997 0.1350031486011649 0.04506872028490014 0.02963978901619559
0 0.5223629204941492 0.12119831536074498 0.042328054862169555 0.02233134788891455
0 0.49328141517517665 0.11348384972639279 0.0267976174666976 0.019083151832345033
0 0.43679325562889987 0.10516034733143366 0.016139474156079095 0.020301225353558622
0 0.39948975404173576 0.10800251888093189 0.036542205636405554 0.023549421410128023
0 0.4075594911197754 0.09379166113344092 0.030756356410641655 0.01948917633941628
0 0.3856341677379319 0.09094948958394265 0.021620805001539907 0.01380483324041986
0 0.3474171110098581 0.0883103302879801 0.02923376450912493 0.016647004789917957
0 0.9594216417910448 0.8171641791044771 0.08115671641791052 0.19402985074626855
