0 0.4440789473684211 0.8218984962406014 0.2636278195488721 0.29041353383458623
0 0.3601973684210526 0.6842105263157896 0.20018796992481186 0.2086466165413537
0 0.32389567669172936 0.5765977443609023 0.16705827067669163 0.15507518796992492
0 0.2801926691729322 0.4586466165413532 0.13040413533834608 0.10714285714285678
0 0.10432330827067669 0.5639097744360898 0.12546992481203004 0.12781954887217992
0 0.12828947368421054 0.42669172932330823 0.09022556390977444 0.09210526315789469
0 0.25093984962406013 0.37171052631578944 0.10150375939849621 0.10808270676691731
0 0.23120300751879694 0.35056390977443597 0.0817669172932331 0.09022556390977417
0 0.2146381578947368 0.29605263157894746 0.06555451127819555 0.06015037593984985
0 0.20688439849624057 0.274436090225564 0.059915413533834616 0.054511278195488864
0 0.7686795112781956 0.4675751879699247 0.10361842105263123 0.13251879699248087
0 0.704887218045113 0.41306390977443574 0.08740601503759385 0.0892857142857137
0 0.5973919172932335 0.3392857142857143 0.09374999999999956 0.08082706766917287
0 0.5406484962406014 0.31156015037593976 0.10432330827067701 0.08928571428571405
0 0.47474154135338303 0.2739661654135337 0.07965225563909845 0.06296992481202977
0 0.4486607142857141 0.25657894736842096 0.07401315789473713 0.054511278195488615
0 0.4056625939849623 0.24107142857142858 0.07401315789473692 0.046052631578947324
0 0.37605733082706755 0.2269736842105262 0.05004699248120315 0.03477443609022532
0 0.8261278195488717 0.37546992481203 0.06625939849624174 0.07988721804511253
0 0.7774906015037593 0.34445488721804507 0.0648496240601505 0.07236842105263153
0 0.7242716165413533 0.31249999999999994 0.06978383458646595 0.07048872180451113
0 0.6795112781954888 0.2861842105263156 0.07048872180451081 0.06296992481202973
0 0.6410949248120299 0.26738721804511273 0.07542293233082688 0.051691729323308254
0 0.6121945488721804 0.25046992481203006 0.06273496240601505 0.04605263157894735
0 0.5455827067669172 0.22838345864661658 0.06343984962406016 0.04699248120300759
0 0.51703477443609 0.22133458646616538 0.0655545112781959 0.040413533834586436
0 0.49659304511278185 0.21193609022556395 0.0528665413533836 0.03853383458646617
0 0.4669877819548872 0.20253759398496243 0.038768796992481216 0.03477443609022554
0 0.3887453007518797 0.1795112781954887 0.042998120300751876 0.028195488721804482
0 0.35737781954887216 0.21146616541353377 0.0451127819548872 0.03947368421052627
0 0.34504229323308266 0.17011278195488694 0.03171992481203034 0.026315789473684223
0 0.5114999999999991 0.16549999999999968 0.036999999999998125 0.018333333333332747
0 0.5819999999999979 0.1788333333333325 0.047999999999995845 0.030999999999998484
0 0.6069999999999994 0.18766666666666645 0.04400000000000101 0.02733333333333303
0 0.6526249999999996 0.20449999999999982 0.04525000000000052 0.03166666666666626
0 0.6896249999999978 0.19666666666666527 0.0352500000000036 0.02599999999999989
0 0.7038749999999991 0.22449999999999967 0.04875000000000141 0.035666666666666146
0 0.7403749999999983 0.23816666666666592 0.03975000000000307 0.036333333333332
0 0.772625 0.254 0.03875 0.039999999999999966
0 0.8003749999999988 0.23666666666666628 0.03575000000000235 0.03199999999999929
0 0.809374999999998 0.2683333333333325 0.04325000000000365 0.04266666666666523
0 0.43050000000000005 0.12216666666666665 0.021500000000000057 0.012333333333333325
0 0.796875 0.18533333333333332 0.01825000000000003 0.018000000000000006
0 0.8346249999999982 0.2279999999999996 0.027749999999997325 0.027999999999999237
0 0.8436249999999983 0.28766666666666585 0.03775000000000343 0.043999999999998415
0 0.8767499999999998 0.30883333333333335 0.03599999999999994 0.042333333333333376
0 0.8577499999999968 0.26633333333333203 0.030000000000006417 0.04266666666666423
0 0.9046249999999975 0.2648333333333326 0.02074999999999838 0.03299999999999979
0 0.9519999999999961 0.3568333333333322 0.03549999999999878 0.056333333333332375
0 0.9544999999999991 0.3291666666666665 0.028499999999999033 0.0369999999999998
0 0.9858749999999972 0.3766666666666655 0.028249999999994627 0.06666666666666438
0 0.9853749999999987 0.3139999999999994 0.02074999999999799 0.03399999999999907
0 0.9243749999999992 0.24349999999999983 0.01924999999999885 0.025666666666666463
0 0.8284999999999986 0.18199999999999975 0.015499999999997698 0.01599999999999956
0 0.9741249999999998 0.21799999999999997 0.00625 0.01
0 0.953 0.20416666666666664 0.009000000000000057 0.012333333333333342
0 0.9451249999999999 0.20149999999999998 0.007750000000000057 0.010333333333333314
0 0.91125 0.1945 0.008500000000000086 0.008333333333333358
0 0.91875 0.18966666666666665 0.006000000000000085 0.008666666666666671
0 0.909625 0.18599999999999994 0.00875 0.008000000000000007
0 0.8885378709921519 0.1732828556626648 0.006542766007441401 0.009065793422075821
0 0.9020724163604867 0.17978285849358713 0.005644739300537935 0.008039477185614388
0 0.8937977417040169 0.1788420686101642 0.007569082243903508 0.007526319067383736
0 0.8733355617395671 0.1665262737726272 0.0069276345961147 0.010263162364614154
0 0.849152985417945 0.15951311282347422 0.007055924125672135 0.0075263190673837245
0 0.8553108828367136 0.15737495399751292 0.00756908224390287 0.01214474213146003
0 0.8413273241149269 0.15344074175774416 0.004746712593634044 0.006671055536999173
0 0.8252911329202175 0.14865126598759093 0.006286186948326104 0.007355266361306825
0 0.710343714436539 0.12025651677882516 0.013470400603556101 0.008723688009922022
0 0.7796842051624634 0.13359862785282353 0.009750004246383384 0.009750004246383455
0 0.8000822403621339 0.1418946840975533 0.008980267069037495 0.008552635303845086
0 0.7496644552459673 0.131203889967747 0.010006583305499306 0.00906579342207605
0 0.735360172700286 0.12359204454732475 0.008851977539479776 0.009578951540306519
0 0.72464799698222 0.12188151748655575 0.012828952955767789 0.010605267776767952
0 0.8348487028722643 0.14865126598759115 0.008210529891690944 0.009750004246383864
