0 0.11842105263157894 0.9868421052631579 0.10291353383458647 0.026315789473684247
0 0.42257988721804485 0.512687969924812 0.09938909774436055 0.17763157894736842
0 0.3274201127819548 0.5051691729323308 0.10925751879699248 0.17387218045112773
0 0.6872650375939848 0.4215225563909774 0.07612781954887213 0.11748120300751869
0 0.8377584586466162 0.47321428571428553 0.1247650375939854 0.18327067669172958
0 0.197015977443609 0.4769736842105263 0.1050281954887218 0.11936090225563901
0 0.11595394736842106 0.4525375939849624 0.08529135338345865 0.11184210526315795
0 0.08176691729323307 0.44125939849624063 0.08458646616541353 0.11184210526315795
0 0.03912124060150376 0.43656015037593987 0.07401315789473684 0.087406015037594
0 0.014802631578947366 0.40883458646616583 0.02960526315789473 0.05639097744360906
0 0.06132518796992481 0.35432330827067665 0.06766917293233082 0.07894736842105265
0 0.11630639097744361 0.35244360902255634 0.07471804511278192 0.0789473684210526
0 0.16177161654135333 0.3552631578947366 0.07119360902255645 0.08082706766917282
0 0.23120300751879688 0.35526315789473656 0.09022556390977457 0.10338345864661608
0 0.318609022556391 0.27866541353383467 0.06343984962406014 0.06296992481203009
0 0.10816259398496213 0.27410025062656596 0.020343984962406515 0.03424561403508684
0 0.1332499999999998 0.2718333333333329 0.05700000000000034 0.04233333333333253
0 0.1628749999999994 0.23983333333333254 0.041250000000001064 0.03433333333333185
0 0.2006249999999994 0.25933333333333247 0.04225000000000107 0.03666666666666492
0 0.22612499999999935 0.2261666666666656 0.03925000000000122 0.03166666666666476
0 0.2331249999999996 0.2558333333333328 0.05225000000000045 0.03699999999999908
0 0.27674999999999966 0.22349999999999975 0.043000000000000434 0.03833333333333295
0 0.3138749999999997 0.2483333333333329 0.046750000000000506 0.04333333333333249
0 0.31399999999999983 0.21733333333333305 0.044000000000000226 0.045999999999999465
0 0.3459999999999993 0.22033333333333296 0.032000000000001014 0.035999999999999366
0 0.3818749999999994 0.22149999999999945 0.04075000000000087 0.03699999999999911
0 0.42199999999999876 0.24899999999999894 0.047500000000002186 0.05266666666666476
0 0.19649999999999998 0.19733333333333328 0.026999999999999993 0.020666666666666663
0 0.21874999999999983 0.18549999999999983 0.022500000000000134 0.02099999999999981
0 0.244875 0.17533333333333329 0.024249999999999976 0.019999999999999966
0 0.01037499999999996 0.31566666666666604 0.02074999999999992 0.030000000000001102
0 0.03187499999999988 0.2946666666666658 0.029749999999999766 0.028666666666668384
0 0.2728749999999999 0.19116666666666668 0.02375 0.023000000000000007
0 0.29724999999999907 0.18899999999999928 0.033500000000000564 0.022666666666666356
0 0.2973749999999997 0.17349999999999965 0.02874999999999962 0.012333333333333328
0 0.31937499999999963 0.17466666666666641 0.02575000000000049 0.021999999999999617
0 0.3397499999999999 0.1844999999999996 0.028000000000000094 0.025666666666666057
0 0.339875 0.16983333333333317 0.02825000000000003 0.026999999999999788
0 0.36149999999999927 0.17083333333333298 0.027500000000001443 0.026333333333332716
0 0.3737499999999999 0.1826666666666665 0.028000000000000073 0.025999999999999787
0 0.3967499999999992 0.16583333333333272 0.02450000000000121 0.022333333333332345
0 0.3962499999999995 0.1794999999999992 0.027000000000000995 0.030333333333331616
0 0.4256249999999963 0.1641666666666656 0.011249999999999616 0.016333333333332548
0 0.4419999999999999 0.16866666666666666 0.0270000000000001 0.02466666666666665
0 0.4648749999999999 0.1673333333333333 0.029250000000000113 0.02999999999999998
0 0.45074999999999915 0.15199999999999986 0.034999999999998976 0.016666666666666486
0 0.4931249999999988 0.1689999999999997 0.022249999999998205 0.02599999999999949
0 0.47699999999999987 0.1825 0.023000000000000114 0.023666666666666634
0 0.5055 0.18116666666666667 0.026999999999999958 0.029000000000000022
0 0.5185 0.17016666666666666 0.020500000000000042 0.02766666666666666
0 0.4526249999999999 0.22 0.03324999999999996 0.03333333333333332
0 0.4849999999999999 0.2225 0.03499999999999993 0.03699999999999999
0 0.5099999999999999 0.255 0.04349999999999994 0.05199999999999999
0 0.5217499999999998 0.22416666666666665 0.03049999999999997 0.04433333333333337
0 0.556625 0.22483333333333333 0.02874999999999993 0.044333333333333336
0 0.5346249999999998 0.1845 0.023249999999999885 0.022999999999999972
0 0.5431249999999999 0.1733333333333333 0.020749999999999956 0.030000000000000016
0 0.5656249999999998 0.177 0.01874999999999993 0.026666666666666644
0 0.5922499999999987 0.19266666666666643 0.021500000000002042 0.030000000000000377
0 0.6147499999999999 0.18283333333333332 0.020000000000000143 0.02633333333333333
0 0.643 0.18966666666666662 0.018500000000000013 0.02533333333333335
0 0.671875 0.206 0.03325000000000003 0.03600000000000001
0 0.6069999999999974 0.26766666666666605 0.0339999999999957 0.04733333333333232
0 0.632499999999999 0.24016666666666645 0.031499999999998134 0.04233333333333308
0 0.668374999999997 0.2478333333333328 0.035750000000004965 0.039666666666667474
0 0.7144999999999971 0.2586666666666665 0.03499999999999991 0.04533333333333367
0 0.7032499999999996 0.21850000000000003 0.027000000000000024 0.031666666666666676
0 0.7147499999999977 0.20383333333333312 0.02549999999999992 0.03299999999999956
0 0.6936249999999998 0.15866666666666665 0.014749999999999944 0.013333333333333322
0 0.7112499999999997 0.147 0.01799999999999997 0.010666666666666665
0 0.7553749999999999 0.156 0.017250000000000085 0.011999999999999993
0 0.8901882470459667 0.31844609885481406 0.03944402704733304 0.034606015071830365
0 0.8760157178471417 0.2996632288322742 0.04251758759647568 0.03392300161646556
0 0.8655143859709046 0.28714131548391375 0.04098080732190252 0.017530678687703485
0 0.8506588433167136 0.27120433485873 0.04473738132641216 0.028914236277121325
0 0.8323028567037772 0.25333214944334403 0.042859094324158346 0.017758349839491813
0 0.8241066952393965 0.2435422899164447 0.038078000136602695 0.013660269107301453
0 0.8147152602281266 0.2342077726931221 0.037394986681237585 0.011383557589417812
0 0.8147152602281267 0.22714996698768303 0.031589372310634474 0.010017530678687657
0 0.812068583088587 0.2195229834027731 0.033126152585205945 0.011611228741206254
0 0.80037197766546 0.21144065751428587 0.02373471757393614 0.012749584500147588
0 0.7931149597022062 0.20540737199189493 0.029711085308380517 0.018441363294856926
0 0.7650260313503179 0.1816157366300114 0.021685677207840977 0.013660269107301025
0 0.7529025425175877 0.17683464244245617 0.013489515743460032 0.010017530678687691
0 0.7528171658356672 0.17250889055847732 0.024246977665460044 0.0109282152858413
0 0.7454747711904924 0.16829697425039264 0.018099856567174295 0.0070578057054388535
