0 0.6685582822085889 0.4171779141104295 0.17944785276073616 0.20858895705521466
0 0.5029141104294478 0.28957055214723926 0.15920245398773006 0.16687116564417173
0 0.39386503067484663 0.18895705521472395 0.10306748466257673 0.10306748466257667
0 0.40214723926380364 0.5141104294478528 0.18773006134969322 0.27975460122699386
0 0.2889570552147239 0.349079754601227 0.11226993865030671 0.1656441717791411
0 0.23696319018404907 0.2607361963190184 0.0929447852760736 0.0920245398773006
0 0.19969325153374232 0.20429447852760738 0.06625766871165645 0.06748466257668713
0 0.25214723926380367 0.10429447852760734 0.05521472392638039 0.05398773006134969
0 0.22901980980990416 0.09319267241425484 0.03796300487941093 0.04068309557170515
0 0.2095061157130107 0.0816027207688272 0.030867116116904184 0.037371680815868676
0 0.1942499548736213 0.07356071350465292 0.03157670499315486 0.03264108830753086
0 0.18307393007267314 0.06883012099631512 0.01986848853501879 0.0250721402941904
0 0.1749136579957905 0.0617342322338084 0.021997255163770824 0.023179903290855258
0 0.1626732498804664 0.0544018138458848 0.018094516344392134 0.017976251531683668
0 0.15522256667983433 0.05014428058838078 0.014546571963138745 0.017030133030016107
0 0.15291640283201965 0.1234684644676168 0.023416432916272177 0.04162921407337272
0 0.14244996690732226 0.10738444993926825 0.026609582859400193 0.021760725538353932
0 0.13836983086888088 0.09863285379884332 0.024835610668773517 0.02317990329085525
0 0.1339349003923142 0.09130043541091971 0.024480816230648177 0.01986848853501879
0 0.12879038103949683 0.0844410762738299 0.019158899658768096 0.016557073779182332
0 0.12417805334386747 0.07994701339090897 0.015610955277514762 0.013245659023345872
