0 0.1197200230350827 0.16388023791015072 0.01679621695909498 0.0189838037153568
0 0.17678266740604748 0.141856059381006 0.025027475601300173 0.039599028062502
0 0.20030849447127025 0.13258662397311724 0.02424884302703781 0.03322165650187443
0 0.2208310244643363 0.12761820659448864 0.02280281110340709 0.03248010166924317
0 0.24574726684074236 0.11775552732049438 0.02324774400298553 0.03144192490355963
0 0.26843884471925494 0.11360282025776042 0.021912945304249684 0.032331790702717064
0 0.2911304225977677 0.1016637874523992 0.02280281110340655 0.04256524739302615
0 0.1271726491030255 0.21467674394538278 0.03192393554476995 0.03455645520061044
0 0.1593190510975848 0.20147706792454875 0.032368868444348615 0.03248010166924331
0 0.18935202181914537 0.189093102219609 0.033926133592874025 0.0323317907027171
0 0.23289982936540785 0.1569096224834181 0.030700370070928563 0.03233179070271718
0 0.2182170436793117 0.1810101545439293 0.030477903621139567 0.026844284941246677
0 0.25058591212366055 0.16951605463814695 0.038931628713133895 0.029365571372192468
0 0.2852350616783499 0.160098308263732 0.02769707299877254 0.028327394606509005
0 0.40036144944433216 0.08957644368051194 0.06351417141485591 0.026102730108615618
0 0.4258894745576582 0.17085085333688305 0.04916508540344337 0.05250208215028351
0 0.5193253834691799 0.11130400027660374 0.04582808865660341 0.027734150740403994
0 0.6355641034841089 0.12346549953175437 0.01979951403125096 0.028920638472613846
0 0.6064209985617062 0.11293542090839238 0.0206893798304084 0.02803077267345655
0 0.5804480405488011 0.09246850752777332 0.015683884710148206 0.01408954181999139
0 0.566098954537387 0.10477831774944997 0.015906351159937583 0.024767931409879616
0 0.6085900464471513 0.07600599024336235 0.015016485360780209 0.01290305408778154
0 0.6080894969351254 0.09135617527882654 0.018019782432936504 0.01957704758146166
0 0.5707151333705169 0.1633611495273086 0.05494921309796572 0.05620985631343918
0 0.685229738399578 0.17782146876361574 0.04994371797770609 0.042713558359552595
0 0.7147621596091136 0.11271295445860308 0.006006594144312061 0.01067838958988821
0 0.7153739423460342 0.12175992341670279 0.01167948861394038 0.013644608920412723
0 0.7148733928340083 0.12613509692922645 0.01179072183883477 0.01053007862336198
0 0.7263860316106054 0.13762919683500888 0.010567156364991857 0.010678389589888171
0 0.7227153351890822 0.14133697099816453 0.030144203946455502 0.030255437171349913
0 0.7202125876289514 0.14927160770731734 0.03248010166924518 0.028920638472613745
0 0.7436271814692802 0.10863440287913186 0.016128817609727123 0.019428736614935483
0 0.7601453153661386 0.11590164023891689 0.019354581131672734 0.02209833401240755
0 0.7722697368796574 0.12220485631628146 0.015795117935043096 0.01987366951451417
0 0.7604233984283755 0.15260860445415755 0.018131015657830894 0.024026376577248418
0 0.7766078326505498 0.14971654060689618 0.01935458113167243 0.028030772673456546
0 0.7771083821625756 0.13814828521785041 0.019688280806356394 0.02031860241409281
0 0.7964073466818007 0.1477884980420553 0.020021980481040345 0.022988199811564875
0 0.8099221835065029 0.16232297276162538 0.018131015657831 0.03514969906671538
0 0.8264959340158085 0.17188903010256673 0.021690478854460432 0.03292503456882193
0 0.8599771347091044 0.21638232006043412 0.02480500915151061 0.02639935204166806
0 0.8268296336904928 0.19606371764634123 0.022580344653617596 0.026695973974720514
0 0.8095328672193723 0.20778028400191303 0.032257635219454 0.029662193305245506
0 0.9682429699091846 0.30229331678814664 0.027685615976608347 0.0353349394639066
0 0.9200522319392072 0.34572173400635586 0.05981277462326165 0.06652443910243859
0 0.2537358122401026 0.20757119708048002 0.04066528417270071 0.05923636108563737
0 0.29449066752331576 0.4595645879891385 0.1666022655533551 0.11656187181367335
0 0.26471364754452154 0.5973913580073777 0.21292539849269207 0.14210922452591768
0 0.2263250818588278 0.7697027667166566 0.25870555136010104 0.16182012367716328
0 0.24275705704037853 0.9499915413469195 0.29081842109022 0.10001691730616029
0 0.5370376021911968 0.7288002819198337 0.28331715229225823 0.19003214288170397
0 0.5188614508730578 0.5470387687384447 0.20253425754497464 0.13733092107038283
