0 0.1192231824728994 0.4793764255218248 0.08213451915952455 0.12931578309062947
0 0.09251960000536098 0.4053332979070523 0.050170978428563086 0.08487706744904068
0 0.1443089970929102 0.36577195290961895 0.057723598837163666 0.08487706744903716
0 0.1755984244999711 0.4247543218148828 0.08361829738093794 0.10645598290218261
0 0.242762798847886 0.38627192259010656 0.08955249913055356 0.09278933644852415
0 0.29697982392391375 0.3387983085931865 0.0879340804715676 0.08559636463080973
0 0.23655886065510656 0.30283344950461066 0.06311832770045037 0.06401744917766504
0 0.28807852129949135 0.27585980518817865 0.06473674635943627 0.053227991451092006
0 0.3824862764070025 0.2826931284150083 0.08199987872195255 0.0726490153589231
0 0.0663551650184221 0.30858782695878273 0.029131535861746286 0.04531572245160498
0 0.13190112070735135 0.23090373132745942 0.030749954520732245 0.03236837317971747
0 0.2201049376220834 0.22227216514620113 0.03668415627034691 0.03668415627034716
0 0.10789457726572708 0.22299146232797248 0.033447318952375404 0.026613995725545923
0 0.1569866099216329 0.1960178180115406 0.04099993936097631 0.03308767036148964
0 0.14619715219506021 0.1931406292844547 0.03344731895237532 0.030210481634403673
0 0.20850627056601756 0.17335995678573796 0.0383025749293332 0.025175401362002914
0 0.19771681283944495 0.16868452510422322 0.029671008748074882 0.017263132362516156
0 0.3900388968156032 0.15861436455942196 0.03128942740706093 0.02877188727086057
0 0.51789397087549 0.18235117155788186 0.04639466822426264 0.03596485908857566
0 0.6047491055744003 0.20608797855634173 0.05502623440552085 0.04891220836046298
0 0.6411635254015837 0.22191251655531527 0.04693414111059008 0.041719236542748075
0 0.7193870939192359 0.2564387812803481 0.04369730379261972 0.05035080272400606
0 0.5440584058624295 0.28449137136943714 0.049092032655904554 0.06905252945006488
0 0.7088673726358278 0.3111053670949832 0.07336831254069259 0.06185955763234976
0 0.8845528023256719 0.3438333888655867 0.0420788851336337 0.06257885481412159
0 0.9643947895023097 0.4010175148164224 0.04207888513363364 0.07912268999486585
0 0.834921296783437 0.43734202249588383 0.05934201749615049 0.11436825190167013
0 0.8953422600522449 0.48301739353837475 0.05826307172349253 0.12515770962824313
0 0.980578976092169 0.3467825062132895 0.03884204781566183 0.05552974023764012
0 0.8190068466367424 0.5675348123965283 0.09224986356219764 0.19636813062362188
0 0.8975001515975589 0.6017014285306751 0.07336831254069433 0.16543835180744693
0 0.9646645259454736 0.6761486868440274 0.07067094810904939 0.20212250807779303
