0 0.9818376068376068 0.3824786324786325 0.036324786324786376 0.09829059829059837
0 0.9631410256410257 0.3952991452991453 0.07371794871794862 0.12962962962962962
0 0.795405982905983 0.3468660968660969 0.06303418803418807 0.07834757834757834
0 0.7948717948717949 0.20940170940170938 0.06837606837606841 0.094017094017094
0 0.7521367521367521 0.2022792022792023 0.05341880341880341 0.07407407407407408
0 0.6997863247863247 0.19444444444444448 0.08333333333333343 0.10968660968660972
0 0.6495726495726495 0.198005698005698 0.07051282051282058 0.08831908831908832
0 0.5950854700854701 0.20156695156695156 0.05769230769230767 0.07834757834757834
0 0.671474358974359 0.376068376068376 0.1271367521367523 0.19658119658119652
0 0.747863247863248 0.37464387464387466 0.10683760683760696 0.14245014245014245
0 0.5422008547008548 0.20512820512820512 0.05021367521367509 0.07407407407407408
0 0.576923076923077 0.396011396011396 0.10470085470085465 0.1709401709401709
0 0.47061965811965806 0.4031339031339031 0.08440170940170937 0.15099715099715097
0 0.4369658119658119 0.22364672364672367 0.05341880341880348 0.08547008547008542
0 0.4914529914529915 0.2136752136752137 0.044871794871794816 0.07407407407407408
0 0.3856837606837607 0.23290598290598288 0.05341880341880341 0.0669515669515669
0 0.3851495726495726 0.41239316239316237 0.08653846153846154 0.1467236467236467
0 0.2895299145299145 0.4337606837606838 0.11324786324786323 0.16951566951566946
0 0.33386752136752135 0.245014245014245 0.05235042735042736 0.0769230769230769
0 0.29273504273504275 0.25997150997151 0.04700854700854698 0.07264957264957264
0 0.24786324786324787 0.27350427350427353 0.06623931623931625 0.07407407407407408
0 0.22382478632478633 0.4423076923076923 0.09935897435897438 0.17236467236467234
0 0.1682692307692308 0.4608262108262109 0.07799145299145298 0.1495726495726496
0 0.12606837606837606 0.46794871794871795 0.07264957264957264 0.11538461538461547
0 0.08559064250696193 0.4831556224355286 0.08602010361585671 0.12770584914603944
0 0.20886752136752137 0.2934472934472934 0.04594017094017094 0.08547008547008544
0 0.17740331794527825 0.3065293646025079 0.049054167555622176 0.0654055567408296
0 0.1569952864049621 0.30428260883660196 0.05317321979311711 0.07688897509990747
0 0.11692814191296545 0.33124367802747806 0.042688359552220924 0.0599134870908365
0 0.09539673248969617 0.3354875500297456 0.030331202839735987 0.06240988238628822
0 0.07592484918517432 0.34871844509563843 0.03632255154881949 0.06790195203628116
0 0.061882625648259554 0.3554587123933575 0.03744592943177265 0.07039834733173259
0 0.03791723081192506 0.3649450145160732 0.013480534595438156 0.06041276614992661
0 0.051959454348839806 0.45206921032733105 0.03557363296018404 0.06690339391810042
0 0.06749951506302546 0.4657993844523143 0.06290916144537807 0.08637527722262234
