0 0.8843283582089552 0.3003731343283582 0.0727611940298506 0.09328358208955226
0 0.058768656716417914 0.5223880597014926 0.07276119402985075 0.13805970149253727
0 0.14482276119402987 0.5932835820895523 0.10494402985074633 0.22014925373134347
0 0.3106343283582091 0.4626865671641792 0.12313432835820898 0.16417910447761172
0 0.5743936567164181 0.26679104477611937 0.09934701492537318 0.078358208955224
0 0.6478544776119404 0.24160447761194032 0.09794776119402984 0.08395522388059701
0 0.6973068727762205 0.2030154044253265 0.07922045663592424 0.06730668253718827
0 0.7312058588715924 0.1961373492755408 0.06227096358823878 0.049620255009167995
0 0.7417071752163548 0.18950493895253323 0.04863767570205628 0.0412683308987141
0 0.7553404631025369 0.18925929412575512 0.050111544662723585 0.04470735847360679
0 0.7628940415259611 0.18459204241697166 0.044584536060214355 0.04028575159160168
0 0.7676841156481343 0.17943350105463246 0.04753227398155369 0.04372477916649422
0 0.7717372552899728 0.17353802521195927 0.04089986365854639 0.041759620552269935
0 0.8618274955108256 0.1863115562044183 0.017686427528020153 0.02210803441002527
0 0.681647015069117 0.1651861011015051 0.05305928258406171 0.03193382748114803
0 0.6917798641737132 0.15781675629816344 0.05342774982422869 0.031933827481147675
0 0.7155460011644905 0.15364079424293645 0.04568993778071988 0.033407696441816175
0 0.7310216252515076 0.1538864390697142 0.03389898609537104 0.02702093094558626
0 0.6801731461084511 0.10390776172711899 0.03389898609537127 0.021125455102913082
0 0.6538277384365044 0.10513598586100939 0.03426745333553926 0.023581903370693772
0 0.5709226093989095 0.11103146170368286 0.06374483254890642 0.05502444119828532
0 0.5854770653855096 0.07344780320663975 0.022844968890359495 0.016212558567351917
0 0.41211322888689395 0.17219702357141958 0.04679533950122084 0.041759620552270185
0 0.4016119125421321 0.14959769950783816 0.04126833089871397 0.02996866886692324
0 0.3454206584166492 0.1690036408233048 0.04384760157988495 0.03635543436315293
0 0.30599466371877176 0.18447926491032254 0.042373732619216564 0.03881188263093357
0 0.3406305842944775 0.13682416851537896 0.03942599469788128 0.02898608955981119
0 0.19969186493056715 0.18472490973710073 0.030951248174035446 0.02849479990625492
0 0.3986815538607905 0.07123699976563719 0.026529641292030382 0.01572126891379586
0 0.3861536676951091 0.07541296182086427 0.02874044473303299 0.017195137874464177
0 0.40734053400471704 0.08548439971876466 0.03500438781587347 0.027512220599142604
0 0.39039104095703087 0.08916907212043552 0.034267453335539065 0.028003510252698746
0 0.3185399291244485 0.1098032375697926 0.024687305091194923 0.01817771718157639
0 0.30988094898052193 0.07614989630119842 0.01326482064601521 0.01179095168534686
0 0.23692443542743838 0.12257676856225164 0.016949493047686063 0.014247399953127451
0 0.17336383649861542 0.1504818017705707 0.03279358437487091 0.020634165449356937
0 0.16138865119318507 0.13230408458899423 0.0184233620083544 0.023581903370693675
0 0.17631157441995204 0.25316133936379936 0.03942599469787866 0.05404186189117304
0 0.10280236000661787 0.1885567499211698 0.016949493047686115 0.01719513787446413
0 0.09082717470118752 0.20378672918140953 0.03058278093386848 0.03095124817403551
0 0.10630279878820517 0.23645749114289147 0.028371977492865876 0.03340769644181619
0 0.05287504896397729 0.2084539808901927 0.013633287886182295 0.014738689606683586
0 0.04255796623929879 0.22736863255210324 0.017317960287853193 0.020142875795800885
0 0.025608473191612694 0.24480941525334543 0.019528763728855723 0.019651586142244777
0 0.06558716874974185 0.22712298772532521 0.018423362008354448 0.025547061984918216
0 0.06282366444848866 0.2398965187177843 0.019528763728855755 0.022599324063581453
0 0.05490161878489627 0.26421535656881207 0.02800351025269876 0.03979446193804571
0 0.04568993778071901 0.2941840254357353 0.026529641292030445 0.04470735847360681
0 0.1050131634476203 0.28877983924661804 0.03463592057570628 0.03979446193804545
0 0.01068554996484558 0.3052871708564551 0.021371099929691155 0.041366587330128185
0 0.03463592057570638 0.35191055972857954 0.03758365849704309 0.06288507565518331
0 0.009395914624260761 0.37082521139049 0.01879182924852152 0.05944604808029008
0 0.10648703240828881 0.33078510462566624 0.044216068820050684 0.08351924110454031
