0 0.7724358974358974 0.841880341880342 0.34615384615384615 0.3105413105413106
0 0.5486111111111112 0.48646723646723644 0.2510683760683762 0.22649572649572655
0 0.8231837606837604 0.3226495726495726 0.1720085470085474 0.1495726495726495
0 0.8279914529914529 0.23504273504273507 0.1303418803418805 0.11111111111111115
0 0.827457264957265 0.18447293447293447 0.11004273504273498 0.0783475783475783
0 0.9388320742731996 0.1455398457248231 0.04736910073119247 0.04173972933994925
0 0.9516011362094354 0.1584462094023075 0.054783394758685926 0.024714313424970113
0 0.9606630511319258 0.18151290193227942 0.0630214992336685 0.03899369451495244
0 0.9820821227668969 0.2108954745597435 0.035835754466206265 0.043936557199946755
0 0.9878487958993898 0.25208599693469363 0.024302408201220375 0.04393655719994662
0 0.9969107108218788 0.28311619045715586 0.006178578356242355 0.03240321093496064
0 0.6910710821878756 0.18480814372227541 0.11203822085986381 0.08622549350489521
0 0.7166092060603446 0.15899541636730677 0.08650009698739482 0.06865087062491655
0 0.7205223056859649 0.13345729249483781 0.09020724400114034 0.06700324972991856
0 0.7326735097865751 0.11698108354485783 0.07579056116990784 0.06260959400992389
0 0.7446187612753105 0.0928159770848872 0.060961973114925884 0.03844448754995326
0 0.6445257919041822 0.09775883976988119 0.06096197311492574 0.05711752435993058
0 0.42230292369132727 0.17547162531728674 0.09350248579113632 0.06315880097492325
0 0.4859422807606249 0.13235887856483913 0.08320485519739883 0.04833021291994127
0 0.5357828128343144 0.10270170245487517 0.07661437161740686 0.04393655719994658
0 0.5660578467799027 0.08210644126740022 0.06302149923367338 0.03789528058495395
0 0.48676609120812386 0.0886969248473922 0.05272386863993596 0.032403210934960604
0 0.45587319942691146 0.10791916862236885 0.07331912982741087 0.03679686665495529
0 0.40047194683260373 0.1320842750823395 0.07537865594615845 0.038993694514952625
0 0.34033378416517684 0.17409860790478837 0.0836167604211484 0.051625454709937256
0 0.3051158875345946 0.1367525342848338 0.04942862684993994 0.037346073619954616
0 0.3028504088039724 0.09034454574239019 0.03995480670370142 0.024714313424969943
0 0.2192336483828243 0.18508274720477505 0.060550067891175875 0.05492069649993328
0 0.20131577114972082 0.17245098700979042 0.042838143269947934 0.0318540039699613
0 0.2931706360458592 0.19771450739975968 0.07167150893241296 0.06041276614992658
0 0.3292123431239403 0.23313835664221666 0.10091677981862737 0.09061914922488988
0 0.20522887077534108 0.27377967205216724 0.08196913952615038 0.06645404276491923
0 0.10616566446358687 0.3704400978920499 0.06837626714241613 0.08622549350489551
0 0.025175175438135605 0.38091135010744304 0.05035035087627121 0.06713380116836148
