0 0.7989738805970146 0.9197761194029852 0.2714552238805969 0.1604477611940297
0 0.836054104477612 0.6791044776119403 0.1777052238805971 0.19776119402985087
0 0.8465485074626868 0.5662313432835819 0.17350746268656747 0.16977611940298462
0 0.8318563432835822 0.3572761194029851 0.09095149253731336 0.10261194029850745
0 0.8717350746268657 0.2751865671641791 0.03917910447761187 0.06902985074626866
0 0.8136660447761193 0.2649253731343284 0.07695895522388056 0.07089552238805971
0 0.12173507462686566 0.9552238805970146 0.15671641791044774 0.0895522388059692
0 0.43796641791044777 0.41417910447761197 0.167910447761194 0.16044776119402981
0 0.43027052238805974 0.27798507462686567 0.11613805970149257 0.09328358208955223
0 0.5464085820895522 0.2817164179104478 0.12173507462686552 0.09328358208955224
0 0.6065764925373136 0.2238805970149253 0.08815298507462688 0.07089552238805967
0 0.676539179104478 0.1613805970149254 0.060167910447761125 0.05410447761194027
0 0.136204316125669 0.3237443894930005 0.05615530220234159 0.06708188890509531
0 0.1174802525186737 0.2901554502765751 0.07088941233574612 0.07727986250437766
0 0.16117309785768746 0.22446756714785387 0.04681376286322872 0.049340219906641176
0 0.25011924729782176 0.22862879051347446 0.06152665976310054 0.055284824714670354
0 0.29514962871864175 0.20782267368537305 0.06241835048430487 0.05052914086824682
0 0.2628258400749838 0.18850270805927863 0.03522178348757203 0.03923439173299174
0 0.30116854108677116 0.17542457748161477 0.036113474208776426 0.04161223365620325
0 0.15872094837437523 0.18879993829968014 0.03477593812696988 0.03507316836737136
0 0.21222239164663667 0.16561597954836688 0.0303174845209481 0.03626208932897713
0 0.2362980411191542 0.1590769142595349 0.0321008659633568 0.035073168367371454
0 0.2637175307961882 0.1501600070474914 0.028979948439141583 0.03150640548255387
0 0.29135994315352315 0.14570155344146962 0.030763329881550262 0.03447870788656839
0 0.4293490822598973 0.12013975276694476 0.03299255668456112 0.03091194500175103
0 0.5294413657150863 0.11413641231415753 0.03433009276636767 0.03328978692496261
0 0.5778155873404225 0.11681148447777061 0.03745101029058283 0.03745101029058293
0 0.6221772007203387 0.12186439856459526 0.03968023709359383 0.0344787078865685
0 0.6605199017321266 0.12543116144941271 0.03343840204516326 0.030911945001751016
0 0.694404149137892 0.12780900337262432 0.04503038142081991 0.03804547077138583
0 0.6286419584490709 0.09184414428404863 0.02853410307853949 0.024372879712919068
0 0.6429090099883404 0.0912496838032457 0.03566762884817422 0.025561800674524876
0 0.3892229998057013 0.061823890003502004 0.03299255668456119 0.017833814424087116
0 0.7409949893208195 0.13464529890185772 0.0347759381269698 0.03626208932897713
0 0.7940505872324789 0.10908349822733285 0.018725505145291522 0.019617195866495827
0 0.7933818191915754 0.18041875592368128 0.04146361853600254 0.0338842474057655
0 0.8002924222809092 0.17090738823083484 0.03566762884817422 0.030317484520948096
0 0.8036362624854256 0.1581264878935724 0.031655020602754574 0.030911945001750974
0 0.9017222418179044 0.20925008924262195 0.0378968556511844 0.03923439173299166
0 0.8834425820332155 0.20806116828101637 0.003120917524215372 0.002377841923211612
0 0.8109927109353612 0.22292268030108864 0.06152665976310194 0.04399007557941494
0 0.9783765000107942 0.30941668025791147 0.03254671132395899 0.03863993125218879
0 0.11637134903364199 0.12447849097607716 0.01512655644750442 0.016043317444322847
0 0.04228560097825101 0.18830797537956173 0.023721190792677396 0.020397932179210515
0 0.05852945989062791 0.1665349017051235 0.016329805255828663 0.01489736619829985
0 0.04959104017164802 0.16355542846546364 0.01804873212486323 0.017189268690345934
0 0.0666084161750905 0.146136969525913 0.015986019882021706 0.011688702709435218
0 0.10545616341527213 0.11943630549357558 0.014267093012987044 0.015126556447504286
0 0.13244331525911535 0.10694543691192421 0.009110312405883347 0.009396800217389195
0 0.11869190030683864 0.11691521275232496 0.01529844913440788 0.012376273457049084
0 0.02186588921282799 0.6824101039341514 0.04373177842565598 0.13644314275654446
