0 0.4922387873754112 0.7304053156146147 0.28379485049833236 0.4461550387596862
0 0.20382516611295576 0.845517718715388 0.22274833887042983 0.30896456256920374
0 0.06141943521594623 0.7480083056478312 0.09642192691029791 0.2827032115171598
0 0.152116279069767 0.6162818383167199 0.10191362126245758 0.19268549280176786
0 0.32578903654485053 0.5191029900332224 0.11337209302325588 0.18438538205980023
0 0.6980473421926889 0.49202491694351896 0.14674750830564892 0.15080730897010136
0 0.5663563122923566 0.354476190476189 0.12757641196013453 0.14150166112956972
0 0.7796503322259107 0.4109656699889232 0.12059302325581188 0.12622369878183617
0 0.8362113787375381 0.3383732004429667 0.09666362126245791 0.09333997785160573
0 0.6139505813953474 0.32973975636766256 0.10266362126245596 0.08802879291251225
0 0.04921096345514922 0.3616262458471744 0.04758803986710939 0.07672314507198118
0 0.1906187707641186 0.33604263565891274 0.05630066445182688 0.09799003322259119
0 0.30809509966777326 0.2765697674418599 0.05805066445182899 0.06476744186046629
0 0.6536968438538198 0.30715060908084074 0.10788870431893477 0.10330675526024201
0 0.6960452657807253 0.2955254706533742 0.09195930232558029 0.08668992248061787
0 0.9790282392026574 0.8189368770764119 0.0419435215946836 0.14285714285714302
0 0.09069269102989981 0.3335537098560344 0.04535880398671011 0.08104540420819298
0 0.13953488372092943 0.2252469545957901 0.03834219269103018 0.06775636766334478
0 0.19161046511627802 0.1991633444075297 0.040850498338868696 0.06610077519379912
0 0.2754613787375402 0.23089424141749593 0.04508388704318841 0.06577297895902406
0 0.27445514950166056 0.17591583610188224 0.03513787375415194 0.03687264673311124
0 0.34136004983388596 0.15166002214839358 0.038346345514949004 0.03419490586932386
0 0.39456063122923474 0.22225526024363215 0.08545514950166089 0.09367331118493921
0 0.5304829734219246 0.20000221483942324 0.06826328903654205 0.04516722037652197
0 0.567102159468436 0.1918604651162785 0.0553006644518346 0.041528239202656685
0 0.5535269933554793 0.150996124031007 0.05305897009966909 0.04285603543743122
0 0.37798754152823705 0.1204401993355472 0.036875415282389336 0.03420044296788394
0 0.5216328903654461 0.11461517165005473 0.036621262458472637 0.03453931339977845
0 0.7397375415282298 0.26412790697674043 0.08962624584718291 0.07971760797341623
0 0.9935 0.455 0.01299999999999983 0.05666666666666678
0 0.99575 0.3953333333333333 0.008499999999999943 0.0493333333333333
0 0.18199999999999983 0.2751666666666662 0.04450000000000029 0.06033333333333417
0 0.20812499999999992 0.11849999999999987 0.016249999999999962 0.012999999999999803
0 0.12999999999999973 0.11649999999999976 0.012000000000000437 0.012999999999999566
0 0.33787499999999954 0.11949999999999988 0.04724999999999933 0.05033333333333312
0 0.4428749999999991 0.12716666666666643 0.027749999999998286 0.027666666666666145
0 0.5411249999999986 0.11466666666666615 0.02125000000000219 0.020666666666666594
0 0.5054999999999985 0.12199999999999978 0.01100000000000006 0.02000000000000032
0 0.4719999999999985 0.16583333333333283 0.05599999999999727 0.04099999999999912
0 0.7858749999999946 0.2708333333333315 0.04575000000001024 0.06033333333333684
