0 0.01774169937069967 0.19655450988331347 0.025205448761131937 0.03703324834159855
0 0.07414806771478624 0.10144268705004512 0.016885203539010674 0.01908762139192516
0 0.1761322499594634 0.043885214995110014 0.028264362445735377 0.020882184086892464
0 0.15227272321955682 0.0792870427049199 0.024838379118979348 0.027734150740404088
0 0.17429690174870135 0.06574625146107556 0.021901821981760303 0.02545016185590021
0 0.19944117223614122 0.040377660636764755 0.033036267793716614 0.025613303919079053
0 0.2089238046584117 0.042498507458089814 0.02973264101434496 0.02822357692994065
0 0.22409601653404457 0.042335365394910965 0.028509075540503588 0.029202429309013733
0 0.2393905849570616 0.04404835705828882 0.04906497550103835 0.030996992003981073
0 0.25199330933762754 0.04771905347981294 0.049554401690574956 0.029202429309013744
0 0.2850295771313441 0.05016618442749569 0.04319186122659982 0.032138986446232996
0 0.31066327380832043 0.05457102013332452 0.047229627290276195 0.03540182770980994
0 0.333911017811305 0.057507577270543786 0.05016618442749511 0.03474925945709453
0 0.3556293049719897 0.06558310939789672 0.07500456354647479 0.04992147133272742
0 0.3972917093562885 0.07284293120935544 0.08540487007412638 0.06574625146107552
0 0.4294714813183164 0.08532329904253734 0.05922056893392174 0.04665863006915044
0 0.4762728606927484 0.09967980060227583 0.09482632422270523 0.06786709828240058
0 0.10791844964853745 0.10351061310114723 0.035991300769591186 0.039737001754661355
0 0.12599552831561694 0.10937344942560558 0.05651122790519517 0.03582844420502225
0 0.1275426656790156 0.11545342783615481 0.05178838753271455 0.025839908244834297
0 0.12786837880815216 0.132933365766484 0.05797693698630946 0.04212556470166277
0 0.1463525988866527 0.13738477853135037 0.06595690865015566 0.052331242747942076
0 0.15514685337334033 0.15171615621335943 0.06269977735879041 0.06362263122467648
0 0.1635339664486067 0.16995609144500737 0.07719401160536732 0.07361116718486456
0 0.06546833895645056 0.15529900063386198 0.04820554311221247 0.02692561867528947
0 0.06326977533477862 0.1702818045741439 0.05488266225951197 0.03734843880765997
0 0.06831832883639549 0.1813560509647872 0.06400262987533599 0.0564569423836717
0 0.07450687828999039 0.2014416939282091 0.06530548239188243 0.051462674403577886
0 0.0731225974911599 0.23705299604714067 0.08501112670464477 0.07925686142323174
0 0.11003927368911202 0.35762582961825085 0.14377829259920816 0.17453683280699972
0 0.24046502170199222 0.2469904601886784 0.13614826712130645 0.10141575531044213
0 0.2756346703891955 0.2821203691598514 0.13781733519459752 0.1392479649717043
0 0.319268878590945 0.3279005220272596 0.15260050955803164 0.14051963588468933
0 0.3781631377484978 0.38703321948099756 0.17978247532305575 0.2015598397079007
0 0.4583976244145566 0.4496630119454386 0.16380710947869892 0.22953659979354016
0 0.5550996135683006 0.5560304948321818 0.19644668940509113 0.27504652259193935
0 0.6776011032457867 0.6590671536800824 0.18819529372733307 0.3059363628214977
0 0.7856626504871962 0.8067163456047155 0.18317146320506542 0.3466305537102164
0 0.8888298981176797 0.8617573862603269 0.1432347081247158 0.276485227479346
0 0.9612152667008133 0.9083502671874016 0.07756946659836976 0.18329946562519464
0 0.2050598770471811 0.5542955731096827 0.18125142690312643 0.20736392060951034
0 0.25190876281451424 0.6807619641974596 0.2342444288366673 0.273925179076759
