0 0.3086223171135159 0.581947149366795 0.09673142889173207 0.24105415758754767
0 0.43787916096010965 0.5661772512068619 0.10348995667456046 0.2354220511018573
0 0.6376245044680698 0.5200077303503307 0.12821399437747416 0.19887979325878824
0 0.7828173322593928 0.4768465837282106 0.10948967341640724 0.16248902257739295
0 0.9604885091584268 0.5113331861762771 0.07457992247204558 0.08336025377017293
0 0.9512850293640043 0.3526525000655418 0.059346576605415036 0.07320468985908594
0 0.9931767304972383 0.3473631438618506 0.013646539005523267 0.0313129887258517
0 0.968105182091742 0.32387840231746184 0.025071548405496316 0.037660216170281126
0 0.9354169607529308 0.29214226509531477 0.025071548405496174 0.033428731207328186
0 0.8849565025697168 0.25384732618059064 0.03459238957214026 0.03215928571844238
0 0.8587741893614457 0.23565194083989296 0.036179196433247685 0.029620394740670585
0 0.9542291625280837 0.2525068485319335 0.030633319795294225 0.030573605721619296
0 0.9788612179190366 0.26468851956164113 0.018630790986611884 0.024841054648815693
0 0.8610202423457584 0.7753755956582086 0.1575266447572028 0.18079981205344395
0 0.6553744008013213 0.9040222274312038 0.25360058743879316 0.19118618423523742
0 0.24837589601894514 0.9693050196529875 0.27794445506881954 0.06138996069402495
0 0.0392839427376903 0.9597304386273138 0.0785678854753806 0.0794127014482342
