0 0.10156818181818128 0.6691818181818131 0.08977272727272673 0.19430303030302706
0 0.1999772727272719 0.6546818181818144 0.10049999999999829 0.223363636363629
0 0.406204545454544 0.5493939393939355 0.11331818181817965 0.18763636363636027
0 0.570624999999999 0.48284848484848164 0.13347727272727336 0.18533333333333343
0 0.8822045454545379 0.4616363636363607 0.07595454545454483 0.12339393939393763
0 0.13479545454545355 0.4909090909090865 0.06472727272727191 0.13418181818181324
0 0.19936363636363588 0.44890909090908954 0.06477272727272712 0.12690909090909228
0 0.2171931818181799 0.3044545454545431 0.037022727272727055 0.05218181818181798
0 0.26995454545454484 0.42348484848484785 0.06749999999999987 0.1300606060606068
0 0.39787499999999887 0.2419393939393933 0.04497727272727329 0.051939393939394014
0 0.44792045454545304 0.23372727272727203 0.04443181818181607 0.047575757575756945
0 0.5483522727272708 0.3333181818181788 0.09534090909090728 0.1024545454545429
0 0.602261363636362 0.311954545454544 0.08743181818181638 0.09409090909090814
0 0.6956704545454451 0.2967575757575727 0.07515909090910561 0.06600000000000324
0 0.6912045454545424 0.4029545454545422 0.11581818181818275 0.1294848484848503
0 0.7330909090909046 0.3794393939393928 0.10218181818182565 0.1203333333333345
0 0.7802727272727187 0.37881818181818083 0.09054545454547158 0.08490909090909245
0 0.8229204545454469 0.33627272727272595 0.07502272727273163 0.06557575757575708
0 0.3379431818181805 0.17569696969696924 0.043613636363634585 0.02557575757575683
0 0.041772727272727114 0.29871212121211976 0.04604545454545443 0.03887878787878853
0 0.19352272727272615 0.22507575757575626 0.04963636363636219 0.030818181818180312
0 0.6795909090909054 0.20359090909090846 0.047090909090909676 0.04099999999999997
0 0.7072840909090872 0.20419696969696877 0.04497727272727646 0.039424242424243354
0 0.7300681818181767 0.20493939393939328 0.03831818181818268 0.03248484848484866
0 0.6625340909090879 0.16309090909090856 0.0390227272727251 0.025878787878787505
0 0.9134772727272679 0.22493939393939308 0.029045454545459773 0.02212121212121278
0 0.0066964285714285685 0.6992481203007511 0.013392857142857137 0.08646616541353522
0 0.34412499999999824 0.1313333333333331 0.031250000000000215 0.019999999999999934
0 0.5642499999999998 0.08083333333333333 0.010500000000000042 0.007666666666666666
0 0.5813749999999999 0.13349999999999998 0.04625 0.02833333333333332
0 0.6137499999999999 0.10599999999999998 0.009000000000000057 0.01
0 0.6119999999999998 0.10049999999999999 0.011499999999999915 0.008999999999999985
0 0.640749999999998 0.10233333333333325 0.019000000000000034 0.00999999999999988
0 0.6893749999999979 0.11233333333333315 0.014749999999999914 0.009333333333333272
0 0.7623749999999977 0.12583333333333313 0.013249999999996482 0.008333333333333042
0 0.7153749999999992 0.1339999999999999 0.023749999999999015 0.01799999999999986
0 0.7774999999999992 0.14483333333333318 0.017499999999998957 0.013666666666666431
0 0.8379999999999987 0.1598333333333331 0.013499999999997686 0.011666666666666279
0 0.9498749999999978 0.23216666666666635 0.011749999999996024 0.016333333333333994
0 0.7341249999999997 0.18166666666666664 0.03674999999999997 0.025333333333333315
0 0.8294999999999999 0.14316666666666664 0.011000000000000086 0.008333333333333304
0 0.8436249999999998 0.14749999999999996 0.00875 0.007666666666666658
0 0.9023749999999964 0.19716666666666638 0.013749999999994003 0.009666666666667045
