0 0.6280545112781954 0.6705827067669178 0.11701127819548846 0.2810150375939848
0 0.8719454887218049 0.7246240601503756 0.11419172932330732 0.26315789473684303
0 0.9454887218045122 0.7236842105263156 0.10761278195488908 0.23120300751879647
0 0.9793233082706765 0.7166353383458648 0.04135338345864608 0.20394736842105268
0 0.3083881578947367 0.5479323308270676 0.15437030075187946 0.20488721804511287
0 0.3309445488721805 0.38674812030075195 0.08388157894736839 0.09116541353383463
0 0.5547462406015036 0.43374060150375937 0.0845864661654133 0.14191729323308266
0 0.6502584586466166 0.43843984962406035 0.07683270676691765 0.14191729323308236
0 0.7422462406015036 0.46804511278195476 0.08458646616541357 0.176691729323308
0 0.8162593984962406 0.48778195488721793 0.08881578947368414 0.13909774436090253
0 0.18291823308270672 0.49483082706766923 0.12617481203007508 0.15883458646616525
0 0.13498590225563908 0.48402255639097747 0.12053571428571425 0.13909774436090225
0 0.16882048872180447 0.33975563909774453 0.08388157894736842 0.0986842105263157
0 0.888862781954887 0.518327067669173 0.07894736842105232 0.13815789473684234
0 0.9586466165413531 0.5531015037593984 0.07189849624060177 0.10056390977443645
0 0.9863721804511278 0.5404135338345862 0.02725563909774429 0.1203007518796992
0 0.0041249999999999985 0.310999999999999 0.008249999999999997 0.023333333333335093
0 0.019624999999999976 0.29916666666666614 0.024250000000000004 0.020333333333332416
0 0.07249999999999991 0.2613333333333329 0.023999999999999858 0.02200000000000054
0 0.056999999999999995 0.2563333333333333 0.030999999999999996 0.027999999999999973
0 0.06687499999999975 0.24266666666666578 0.020249999999999897 0.011333333333332918
0 0.07212499999999998 0.23516666666666663 0.02124999999999999 0.008333333333333358
0 0.0765 0.23016666666666666 0.02200000000000001 0.00966666666666665
0 0.08149999999999999 0.22299999999999998 0.021500000000000005 0.009333333333333336
0 0.11187499999999996 0.20916666666666664 0.01424999999999999 0.014333333333333335
0 0.12549999999999997 0.20099999999999998 0.014500000000000011 0.016000000000000014
0 0.13949999999999996 0.19166666666666665 0.012499999999999982 0.014666666666666685
0 0.15249999999999977 0.19133333333333305 0.015000000000000338 0.020666666666666368
0 0.03912499999999991 0.23649999999999957 0.022750000000000145 0.016333333333332548
0 0.049124999999999995 0.22649999999999992 0.01424999999999999 0.009000000000000022
0 0.06262499999999996 0.2153333333333332 0.017249999999999956 0.012666666666666803
0 0.22062499999999996 0.14716666666666664 0.02075000000000003 0.01966666666666667
0 0.21662499999999996 0.143 0.016750000000000008 0.016666666666666677
0 0.25274999999999936 0.22766666666666613 0.049499999999998885 0.05133333333333432
0 0.28037499999999976 0.22566666666666652 0.054749999999999514 0.054666666666666884
0 0.30662499999999926 0.22833333333333286 0.05924999999999853 0.0446666666666677
0 0.3413749999999993 0.22949999999999968 0.06024999999999869 0.044333333333333946
0 0.42162499999999953 0.2279999999999998 0.04874999999999927 0.04733333333333371
0 0.5053749999999987 0.23299999999999965 0.05024999999999777 0.05000000000000057
0 0.554874999999998 0.24133333333333254 0.05224999999999696 0.0566666666666682
0 0.2693749999999997 0.1944999999999997 0.030749999999999545 0.025666666666666154
0 0.3017499999999994 0.18449999999999933 0.05650000000000095 0.04099999999999886
0 0.35412499999999936 0.19249999999999956 0.035250000000000885 0.033666666666665894
0 0.38249999999999873 0.19283333333333258 0.043000000000002314 0.037666666666665335
0 0.41787499999999933 0.19216666666666632 0.03975000000000145 0.03833333333333269
0 0.4499999999999988 0.1923333333333325 0.04250000000000215 0.03999999999999843
0 0.495624999999999 0.1948333333333325 0.03975000000000189 0.03499999999999839
0 0.5342499999999991 0.19683333333333278 0.041500000000001605 0.04433333333333229
0 0.574374999999999 0.20266666666666608 0.03725000000000183 0.04199999999999893
0 0.33574999999999994 0.15516666666666665 0.03400000000000006 0.027666666666666676
0 0.364749999999999 0.13849999999999935 0.026500000000001755 0.026333333333331967
0 0.38587499999999914 0.137333333333333 0.025250000000001323 0.023999999999999418
0 0.4263749999999989 0.15099999999999958 0.03325000000000217 0.029999999999999208
0 0.4276249999999988 0.13616666666666613 0.029750000000002264 0.024333333333332385
0 0.4798749999999996 0.14949999999999983 0.03125000000000058 0.030999999999999653
0 0.5083749999999992 0.15099999999999977 0.031750000000001145 0.031333333333332915
0 0.5359999999999995 0.1513333333333331 0.030000000000000845 0.03266666666666622
0 0.5011249999999996 0.13149999999999978 0.0322500000000008 0.02833333333333291
0 0.5518749999999992 0.13966666666666636 0.024250000000001225 0.02666666666666615
0 0.39587499999999953 0.11783333333333318 0.0222500000000009 0.01966666666666642
0 0.41224999999999956 0.11016666666666651 0.016500000000000625 0.016999999999999717
0 0.43237499999999945 0.1059999999999998 0.022250000000000703 0.025999999999999607
0 0.44962499999999955 0.11666666666666649 0.02625000000000034 0.0179999999999997
0 0.4614999999999994 0.09583333333333321 0.018000000000000745 0.014333333333333144
0 0.48624999999999907 0.11499999999999952 0.018500000000001834 0.019333333333332384
0 0.4989999999999996 0.10799999999999989 0.018000000000000495 0.01733333333333313
0 0.5179999999999996 0.10966666666666657 0.018000000000000564 0.016666666666666493
0 0.5262499999999999 0.11783333333333332 0.020000000000000143 0.019000000000000003
0 0.5557499999999994 0.10999999999999988 0.018500000000000787 0.02066666666666649
0 0.5386249999999996 0.09683333333333329 0.01825000000000063 0.01366666666666657
0 0.5403749999999998 0.08616666666666667 0.016749999999999973 0.005666666666666682
0 0.496125 0.08516666666666665 0.01375 0.0070000000000000106
0 0.4911249999999998 0.08199999999999999 0.011249999999999928 0.008000000000000007
0 0.5548749999999996 0.09599999999999988 0.015750000000000722 0.012666666666666661
0 0.5717499999999998 0.0986666666666665 0.014500000000000577 0.015333333333333327
0 0.5686249999999999 0.0855 0.011249999999999928 0.009666666666666667
0 0.5768749999999998 0.08466666666666665 0.008250000000000049 0.00999999999999997
0 0.5681249999999994 0.12049999999999982 0.019750000000000833 0.019666666666666634
0 0.564375 0.15616666666666665 0.02625 0.03099999999999998
0 0.5722499999999997 0.13866666666666658 0.022000000000000384 0.01733333333333316
0 0.3741249999999998 0.12516666666666654 0.026750000000000322 0.010333333333333078
0 0.59425 0.07866666666666665 0.008000000000000042 0.009333333333333327
0 0.6064999999999994 0.24599999999999958 0.04150000000000134 0.053333333333333906
0 0.616375 0.2068333333333333 0.03324999999999996 0.04366666666666667
0 0.6556249999999996 0.21349999999999988 0.031249999999999313 0.03966666666666643
0 0.6529999999999982 0.2558333333333326 0.0454999999999965 0.05966666666666812
0 0.7021249999999992 0.2664999999999997 0.03974999999999882 0.06833333333333275
0 0.6964999999999995 0.22333333333333294 0.035499999999998616 0.0399999999999994
0 0.7388749999999998 0.23666666666666664 0.03825000000000003 0.05
0 0.7541249999999985 0.286166666666666 0.052250000000002676 0.06833333333333426
0 0.8014999999999977 0.29983333333333184 0.05100000000000462 0.06166666666666934
0 0.8458749999999992 0.3113333333333326 0.05425000000000182 0.06133333333333459
0 0.7752499999999982 0.24933333333333266 0.04050000000000379 0.04400000000000139
0 0.8146249999999974 0.26133333333333264 0.04325000000000463 0.04533333333333482
0 0.8553749999999982 0.27866666666666584 0.044250000000003925 0.04600000000000163
0 0.8909999999999979 0.29183333333333267 0.04150000000000418 0.044333333333334425
0 0.6255 0.1656666666666667 0.02300000000000004 0.03066666666666667
0 0.655 0.1703333333333333 0.02200000000000003 0.034666666666666686
0 0.6554999999999986 0.15216666666666614 0.022999999999998137 0.026333333333332744
0 0.613375 0.1245 0.01825000000000003 0.023666666666666673
0 0.5954999999999988 0.11133333333333298 0.016499999999997902 0.0179999999999995
0 0.584625 0.09999999999999998 0.009249999999999972 0.015333333333333352
0 0.605625 0.09116666666666666 0.010249999999999987 0.011000000000000015
0 0.6062500000000001 0.08233333333333331 0.008999999999999914 0.009333333333333318
0 0.644625 0.09433333333333334 0.009249999999999972 0.011333333333333346
0 0.6580000000000001 0.09699999999999999 0.009499999999999887 0.010666666666666682
0 0.6726249999999999 0.09899999999999999 0.010249999999999915 0.011333333333333329
0 0.61575 0.11383333333333333 0.014000000000000058 0.010333333333333332
0 0.6332499999999996 0.11983333333333299 0.013999999999999069 0.02099999999999993
0 0.655 0.13149999999999998 0.016499999999999914 0.019666666666666652
0 0.6757499999999996 0.13666666666666655 0.015499999999999356 0.01999999999999977
0 0.6997499999999985 0.14166666666666639 0.017999999999997265 0.02133333333333278
0 0.7233750000000001 0.14433333333333334 0.01875 0.028666666666666653
0 0.7436249999999995 0.15166666666666642 0.01974999999999906 0.02466666666666626
0 0.764374999999999 0.15883333333333316 0.020249999999998606 0.024999999999999755
0 0.7166249999999994 0.181833333333333 0.02624999999999889 0.03766666666666618
0 0.8882341618493521 0.3338055067442404 0.04905278452167309 0.06871529308521325
0 0.9260327473905781 0.3464309069797766 0.04579294757561272 0.06623160779297649
0 0.9215310677983988 0.3014141110579878 0.05169170014467351 0.05195041736261618
0 0.9895219526733766 0.3749932878404977 0.020956094653246708 0.052571338685675074
0 0.9633656419395096 0.3611260449588432 0.05308877312155731 0.08361740483863295
0 0.9591744230088599 0.3191103687651736 0.028872841522249938 0.03891106957837344
0 0.9773363717083405 0.32873464927259055 0.04532725658331835 0.059815420788031926
0 0.9843217365927555 0.2933421338582188 0.03135652681448559 0.0436714663884938
0 0.9586311168511834 0.2612611988334958 0.026854847222308097 0.029183302183780336
0 0.9441946960900575 0.24284053291607427 0.02716530788383642 0.023388036501894867
0 0.9082588745180097 0.2529822478593737 0.03104606615295712 0.037048305609196246
0 0.8827234851072014 0.24014987384948452 0.02933853251454409 0.03994593845013894
0 0.8600598568155425 0.23187092287536257 0.028407150529956012 0.03539251541437206
0 0.8318079366163513 0.2215222341577099 0.03151175714525209 0.03373672521954745
0 0.8043321680709836 0.21107005855288094 0.02188747663783514 0.031046066152957973
0 0.8857504765571156 0.22214315548076904 0.029183302183780326 0.029597249732486394
0 0.8596717809886306 0.21096657166570426 0.025147313583895027 0.027941459537661997
0 0.8369305375315892 0.20413643711205368 0.024681622591601022 0.02214619385577663
0 0.814344524405312 0.19730630255840295 0.023284549614717372 0.024215931599307197
0 0.8956852177260611 0.1991690665275803 0.022663628291658057 0.021318298758364357
0 0.8477190455197416 0.18726807450227984 0.023284549614718333 0.023595010276247906
0 0.8269181811972603 0.18074840061015873 0.022663628291659115 0.024629879148013095
0 0.8086010021670154 0.17433221360521414 0.01707533638412656 0.02090435120965821
0 0.7464312546957171 0.1896482729073399 0.026854847222307566 0.0366343580604903
0 0.7351770557152705 0.17319385784627234 0.021421785645540724 0.02525080047107231
0 0.7593929873145773 0.18085188749733525 0.018006718368715438 0.02152527253271735
0 0.8304884788048504 0.17071017255403564 0.01924856101483304 0.01738579704565617
0 0.8127922210976645 0.163880038000385 0.0152125724149492 0.014488164204713515
0 0.8532297222618922 0.16667418395415123 0.018161948699480512 0.020076456112246007
0 0.8391813773276785 0.16222424780556055 0.015523033076478896 0.01779974459436229
0 0.8212522741243453 0.15446273126732113 0.01660964539183228 0.016350928173891104
0 0.8058844713786315 0.1493918737956714 0.014746881422654776 0.01407421665600745
0 0.774295099067997 0.14711516227778784 0.022663628291659136 0.02318106272754177
0 0.7545808470608688 0.14545937208296342 0.014591651091890291 0.014902111753419663
0 0.7349442102191223 0.13935364573954845 0.01133181414582822 0.013867242881654595
0 0.7542703863993381 0.14038851461131363 0.025768234906952972 0.014695137979066651
0 0.7701038801373477 0.13469673581660468 0.016143954399537815 0.007865003425415814
0 0.7549689228877804 0.1295223914577784 0.015367802745712816 0.013660269107301275
0 0.7398339656382129 0.1289014701347193 0.0158334937380064 0.01324632155859531
0 0.7233019354117632 0.12486548153483477 0.0144364207611242 0.015109085527772747
0 0.769948649806583 0.12269225690412776 0.012418426461183145 0.011590531363770893
0 0.7836089189138843 0.12217482246824511 0.011176583815064731 0.011383557589417812
0 0.8037888619133056 0.12869449636036617 0.009624280507414254 0.010762636266358525
0 0.8675885278576349 0.15477319192885072 0.018006718368715126 0.014488164204713726
0 0.8587403990040404 0.14928838690849472 0.010866123153538692 0.009313819845887503
0 0.8535401829234209 0.14732213605214084 0.007295825545946566 0.007037108328003725
0 0.8509012673004205 0.14483845075990426 0.01257365679194791 0.005381318133179356
0 0.8476414303543598 0.14276871301637375 0.012263196130418237 0.005795265681885464
0 0.8440711327467696 0.14028502772413712 0.013194578115007119 0.004967370584473247
0 0.8308765546317625 0.1329374587346038 0.01257365679194791 0.006002239456238509
0 0.826452490204966 0.12962587834495498 0.015212572414949221 0.006002239456238474
0 0.820941813462816 0.12703870616554183 0.010710892822770433 0.005381318133179356
0 0.8162072883744901 0.12476199464765828 0.011176583815064731 0.00496737058447323
0 0.8138788334130177 0.12176087491953907 0.017696257707186278 0.009727767394593433
0 0.7527956982570739 0.11534468791459443 0.011331814145829497 0.013453295332948336
0 0.6827868190821542 0.17029622500532962 0.020645633991716893 0.02525080047107231
0 0.7085550539891091 0.16646721017979815 0.01878287002253941 0.021318298758364287
0 0.6752581480400619 0.12507245530918784 0.016764875722597168 0.015936980625185004
0 0.6551558202060218 0.11224008129929863 0.015057342084184456 0.01593698062518497
0 0.6716102352670896 0.11306797639671079 0.013815499438066177 0.012211452686829967
0 0.6892288778088931 0.11617258301200664 0.015212572414949221 0.013867242881654444
0 0.705139986712284 0.11793186009400759 0.012884117453477444 0.010762636266358658
0 0.6909364114473056 0.10292626145341133 0.009003359184357719 0.01014171494329954
0 0.7061489838622549 0.10613435495588362 0.00993474116894646 0.009934741168946477
0 0.7211287107810571 0.10913547468400289 0.011021353484299966 0.010555662492005614
0 0.7461984091995704 0.10489251230976532 0.009313819845887394 0.009520793620240369
0 0.7357979770383295 0.10437507787388269 0.009003359184357719 0.010555662492005631
0 0.7257080055386183 0.10665178939176627 0.009313819845887252 0.010555662492005648
0 0.7139881155658767 0.10292626145341133 0.009158589515122629 0.01014171494329954
0 0.7023458407585176 0.10116698437141039 0.007606286207474824 0.008278950974122061
0 0.6695922409671471 0.09475079736646577 0.007295825545945007 0.0074510558767098625
0 0.6761119148592684 0.09102526942811086 0.007606286207474824 0.007865003425415953
0 0.6661771736903219 0.09237059896140572 0.006985364884415475 0.008485924748475124
0 0.6214708384300627 0.08802414969999163 0.006985364884415546 0.007658029651062908
0 0.6972232398432796 0.09433684981775968 0.007295825545945149 0.008278950974122061
0 0.7045190653892246 0.09412987604340664 0.006053982899826735 0.0074510558767098625
0 0.7098745118006099 0.09899375974070335 0.0071405952151803835 0.0068301345536507085
0 0.716782261519643 0.09723448265870241 0.006053982899826735 0.004553423035767139
0 0.7252423145463238 0.09692402199717282 0.005898752569061969 0.007658029651062908
0 0.7080117478314324 0.0895764530076395 0.0062092132305915015 0.006623160779297628
0 0.6849600437128612 0.0912322432024639 0.006053982899826735 0.0074510558767098625
0 0.681156900609124 0.0883346103615212 0.005277831246002904 0.006209213230591537
0 0.677819448497681 0.08264283156681226 0.005433061576767528 0.007244082102356826
0 0.6820106674283304 0.08253934467963575 0.005122600915237996 0.00496737058447323
0 0.672308771755531 0.08729974148975593 0.004346449261414165 0.0057952656818854465
0 0.6658667130287924 0.08802414969999164 0.007295825545945095 0.0068301345536507276
0 0.6709893139440303 0.08274631845398879 0.006053982899826735 0.005381318133179338
0 0.6393223264680133 0.0775719740951625 0.005743522238297203 0.006209213230591528
0 0.605792575022819 0.07177670841327706 0.004812140253708463 0.007037108328003754
0 0.6188319228070612 0.07405341993116062 0.005433061576767599 0.0057952656818854465
0 0.7418519599381564 0.09495777114081885 0.005277831246002904 0.0057952656818854465
0 0.7478283276726007 0.09671704822281978 0.005122600915237996 0.0068301345536507085
0 0.7565212261954289 0.10168441880729301 0.0104004321612409 0.007658029651062908
0 0.7619542877721963 0.11596560923765359 0.009158589515122486 0.008899872297181215
0 0.7312186822807684 0.09143921697681698 0.004812140253708606 0.006209213230591554
0 0.695127630377955 0.08688579394104984 0.006830134553650566 0.007037108328003736
0 0.7310421502013332 0.10038477358350698 0.004819291117869256 0.006939779209731593
0 0.804488146837659 0.11805550768236049 0.008481952367449707 0.003983947324105159
