0 0.5171779141104293 0.3552147239263803 0.2079754601226994 0.20245398773006137
0 0.7453987730061349 0.4503067484662576 0.1343558282208589 0.19386503067484653
0 0.946319018404908 0.585276073619632 0.10736196319018404 0.17668711656441707
0 0.45138036809815946 0.6576687116564418 0.2254601226993865 0.2625766871165645
0 0.7596625766871165 0.8251533742331288 0.1978527607361963 0.22453987730061356
0 0.26180981595092023 0.5331288343558281 0.14079754601226996 0.17546012269938643
0 0.06533742331288343 0.22392638036809817 0.04785276073619633 0.05766871165644169
0 0.027147239263803677 0.2147239263803681 0.034049079754601225 0.039263803680981584
0 0.2443251533742331 0.1049079754601227 0.07085889570552148 0.06748466257668712
0 0.3 0.04785276073619632 0.0809815950920245 0.049079754601226995
0 0.3303680981595092 0.11226993865030675 0.08282208588957048 0.06503067484662577
0 0.38696319018404907 0.05460122699386503 0.06717791411042945 0.05766871165644171
0 0.017024539877300612 0.3177914110429447 0.03220858895705521 0.06380368098159504
