0 0.054808308982647984 0.40212356385972714 0.06702672181317461 0.13870807708559746
0 0.1326570535885747 0.6492846005458087 0.10403105781419807 0.25228113349125453
0 0.34927205819833956 0.5399007142534751 0.11555127562583749 0.24576464664830694
0 0.5411011396376074 0.4537899952573827 0.12986427351302582 0.19177089852102733
0 0.6816128871886634 0.38629781009828323 0.11275849555028834 0.15360290415519176
0 0.733279318586319 0.3686102029531399 0.10507835034252906 0.1387080770855975
0 0.8303440652283324 0.3264858539616171 0.08995626628776052 0.10982612430312941
0 0.8824753472577455 0.30784431444174387 0.0697973921558048 0.08988401225861384
0 0.9009308231525996 0.30930025212898427 0.05260267035555586 0.0773025826484124
0 0.9179493341499853 0.30180885015884323 0.04722840372480263 0.0649254837412228
0 0.9548073033323012 0.2866089041324701 0.040551284577503 0.0484226851983033
0 0.9649044103355348 0.2873689014337886 0.028825611928586455 0.04690269059566599
0 0.9699529638371516 0.2860660489172424 0.031757030090815305 0.04212556470166295
0 0.9774443658072929 0.2830260597119677 0.02817418567031325 0.038651291324206236
0 0.9717443860474027 0.2470890444638995 0.01872850492535278 0.02149706652301358
0 0.9669401173926383 0.23688336641762034 0.014657090811145537 0.013245667251553819
0 0.9820043496152047 0.24915189428176454 0.01351709485916757 0.01433137768200904
0 0.9944628768046784 0.2613118511028631 0.011074246390643196 0.010857104304552329
0 0.9969871535554867 0.2946431613178387 0.006025692889026431 0.017588508973374706
0 0.997068581837771 0.34556298050618905 0.005862836324457987 0.01215995682109856
0 0.9918571717715856 0.3722714570953877 0.016285656456828404 0.039954143840752465
0 0.9765486547021672 0.4260141234029217 0.043971272433436896 0.06449119956904077
0 0.9543187336385963 0.4660768382867198 0.057162654163468 0.08338256105896186
0 0.913848877343378 0.5318708903723068 0.0811025691550053 0.1150853056282547
0 0.6722172691036505 0.7952601193861306 0.20830446431263808 0.24042528198596258
0 0.9571562147501015 0.9167166823200625 0.08568757049979708 0.16656663535987476
0 0.9766306625909644 0.8238163533606868 0.046738674818071216 0.1077105263297112
0 0.9894693726490149 0.7351475093642637 0.021061254701970285 0.0773207706866856
