0 0.2483974358974359 0.6908831908831908 0.18696581196581197 0.2478632478632479
0 0.3568376068376068 0.5933048433048433 0.20726495726495728 0.24928774928774927
0 0.44177350427350426 0.5128205128205129 0.1463675213675212 0.17094017094017097
0 0.5379273504273504 0.4729344729344729 0.19123931623931625 0.1908831908831909
0 0.5854700854700855 0.41666666666666674 0.13675213675213668 0.1267806267806268
0 0.6367521367521367 0.38603988603988604 0.12393162393162385 0.14245014245014245
0 0.6709401709401709 0.35470085470085466 0.11752136752136742 0.12535612535612536
0 0.7099358974358974 0.33618233618233617 0.10363247863247864 0.12820512820512817
0 0.7387820512820514 0.30982905982905984 0.09508547008547012 0.08119658119658116
0 0.9818376068376068 0.35826210826210825 0.03205128205128204 0.05555555555555557
0 0.03205128205128205 0.46509971509971515 0.0641025641025641 0.11253561253561259
0 0.08920940170940174 0.43019943019943013 0.06730769230769236 0.1054131054131055
0 0.15705128205128205 0.3924501424501425 0.07905982905982908 0.10683760683760682
0 0.2222222222222222 0.349002849002849 0.08119658119658123 0.11111111111111117
0 0.29220085470085466 0.329059829059829 0.08440170940170937 0.09686609686609682
0 0.34134615384615385 0.30128205128205127 0.09508547008547012 0.10113960113960112
0 0.39583333333333326 0.2756410256410256 0.0886752136752137 0.10113960113960115
0 0.44017094017094016 0.25712250712250717 0.0726495726495726 0.08404558404558404
0 0.4738247863247863 0.245014245014245 0.06730769230769226 0.06837606837606834
0 0.514957264957265 0.24002849002849003 0.06410256410256415 0.05840455840455839
0 0.5491452991452991 0.2272079772079772 0.0683760683760685 0.05840455840455839
0 0.5742521367521367 0.2222222222222222 0.05021367521367509 0.04558404558404558
0 0.5966880341880342 0.22008547008547008 0.04594017094017097 0.04415954415954417
0 0.6164529914529915 0.21296296296296297 0.051282051282051384 0.04985754985754987
0 0.756746617749013 0.22687672240799564 0.03010303868669922 0.03976226916872431
0 0.7649053852435389 0.27976804271733646 0.08186901175541564 0.06376967696870878
0 0.7547772600779206 0.2940224410985772 0.09312248416165858 0.06677060294370683
0 0.7895223561321949 0.2670141073235947 0.06414479271558349 0.04726458410621941
0 0.8120293009446803 0.26213760261422286 0.04107517428278598 0.036011111699976756
0 0.8051365490958566 0.21337255552050435 0.014348177317959596 0.016505092862489336
0 0.679097658145928 0.20418221972206996 0.045295226435142076 0.0393871534218456
0 0.6698135434107813 0.20343198822832192 0.02841501782575893 0.03713645894060027
0 0.6444932304967419 0.1991181571392636 0.0587993933226182 0.059268288006211665
0 0.6470252617881452 0.2193744074705003 0.016036198178898124 0.026258102281233625
0 0.6899291253369468 0.20268175673457378 0.03826180618122521 0.031884838484354354
0 0.6969625455908486 0.19799280989863932 0.04051250066247377 0.03601111169997672
0 0.718766148377944 0.20587024058300923 0.008158767494526131 0.014254398381240777
0 0.7177814695423976 0.19686746265801502 0.032072396357791744 0.029259028256231084
0 0.7266435790623137 0.1998683886330131 0.028977691446075083 0.021756713318735913
0 0.7310042996197317 0.19461676817676593 0.03376041721872586 0.028508796762480536
0 0.7425391088361293 0.19574211541739006 0.01856822947030496 0.022506944812484195
0 0.7475661108377588 0.1940112092332546 0.031991152884467536 0.026939918218497626
0 0.753021444277003 0.19293361250451477 0.03172175370228104 0.027119517673287737
0 0.7547725389612051 0.18992532163678252 0.03199115288446606 0.030801306496482467
0 0.7717446874388588 0.19939919287695423 0.0037042387550434343 0.011673964561349025
0 0.7691853952081016 0.19333771127779223 0.01946409091286469 0.02002533920908338
0 0.7743713294651624 0.1929785123682123 0.023100979872361763 0.023976527214463025
0 0.7863259181746207 0.19540310500787708 0.007139078327901842 0.013739358291433846
0 0.7913434779428161 0.19585210364485206 0.006802329350170595 0.012482162107903925
0 0.7917139018183204 0.1926193134586323 0.015355753384543789 0.01858854357076343
0 0.7926567989559677 0.18979062204569006 0.017915045615301183 0.01634355038588865
0 0.7940374697646658 0.18884772490804264 0.021753983961436917 0.018588543570763463
0 0.8032980666522743 0.19167641632098495 0.011718864425046433 0.012751561290088951
0 0.8062951325540823 0.18943142313611008 0.017578296637569935 0.017780346024208527
0 0.8120872149710593 0.2084689653438485 0.01407610726916535 0.01634355038588863
0 0.8222907089963152 0.20703216970552865 0.008351374647734389 0.010596367832609097
0 0.8207753385965247 0.20959146193628592 0.005455333439245749 0.008530974102524312
0 0.819192618401188 0.2561526205905895 0.03313609940875224 0.030352307859507446
0 0.8174415237169856 0.25089933653798246 0.04835715320220331 0.026131720671942808
0 0.8124239639487904 0.23388228819663137 0.021215185597067147 0.00897997273949926
0 0.7983815315773984 0.23379248846923636 0.014143457064711384 0.014547555837988746
0 0.8306084087462764 0.2420091635258782 0.02970125983589398 0.02792771521984271
0 0.8273419436622889 0.23091889719259684 0.0401404781455718 0.03160950404303772
