0 0.7321161262975049 0.0988413378788219 0.026708476589198824 0.02562276615874346
0 0.6712891994312505 0.0938470698987278 0.013517094859167713 0.01780565105946579
0 0.6917276982845704 0.08548709958422254 0.01530851706941874 0.011508530562825463
0 0.7090719224110927 0.0926527884252271 0.023614201862401103 0.01889136148992103
0 0.6962062538101981 0.10991558426946525 0.036317013898727595 0.030399892052746492
0 0.7761688270132261 0.14368117865662297 0.032082743219952053 0.025839908244834505
0 0.7555674715953379 0.1447668890870782 0.03061703413883748 0.024537055728288237
0 0.779670243151444 0.1658296714379097 0.034851304817613026 0.030617034138837554
0 0.8409857397114032 0.20925808865611892 0.044134128998005194 0.04017128592684355
0 0.8160686853324557 0.20697809675216292 0.04055128457750286 0.04038842801293455
0 0.8040172995544026 0.21077808325875622 0.05260267035555586 0.057542652814127244
0 0.7739702633915542 0.20860666239784578 0.05862836324458257 0.04711983268175704
0 0.9930134503371942 0.18285995055809756 0.01397309932561143 0.018140514913951477
0 0.9916345260616406 0.18555651358584713 0.016730947876718857 0.01323767304531593
0 0.9888307133680146 0.18972392917418732 0.012410318479983857 0.013727957232179512
0 0.9851076178240195 0.18837564766031256 0.0069865496628055725 0.01103139420443
0 0.9829013389831335 0.1896013581274714 0.011031394204429858 0.01225710467158887
0 0.9798677055769153 0.19438162894939112 0.006067266812436429 0.013973099325611287
0 0.9738004387644789 0.19180763696835743 0.010663681064282287 0.014708525605906644
0 0.9626771162750122 0.18377923340846675 0.015443951886201252 0.017037375493508446
0 0.9638262198379733 0.19266563429536865 0.016271306451534143 0.019121083287678645
0 0.9510481882178419 0.1927269198187266 0.026199561235521144 0.02292078573587112
0 0.9555986383271693 0.20308417326621922 0.0196726529979 0.029171909118381443
0 0.9841423708311319 0.20700644676112762 0.010939465919393002 0.014218241419043064
0 0.9393273318756351 0.19695562093042476 0.02923319464173943 0.02623020399720012
0 0.9323407822128295 0.19542348284647615 0.022430501549007574 0.020959648988416967
0 0.9258598381177268 0.19891675767787895 0.03189911490781 0.026720488184063706
0 0.9218149935761025 0.2038195995465145 0.035943959449434286 0.03015247749210854
0 0.9171726151817384 0.20571945077061077 0.036035887734471285 0.027578485511074932
0 0.9939934058556879 0.2788624971878501 0.012013188288624405 0.018242248882725676
0 0.9420474898298774 0.28768699969616046 0.0307003700709285 0.03529801003324156
0 0.6614021702577566 0.2387636611681545 0.07860184603956881 0.061553500437379255
0 0.6171213357594383 0.24226305842334084 0.08963840661361779 0.08111423381252304
0 0.5304934606044569 0.2719197502815936 0.09596648780315313 0.08171273841692166
0 0.4696030196780208 0.2824294272484003 0.08926656873681381 0.08906951229368625
0 0.39619949461298076 0.31369571622465003 0.07606378704726303 0.08591660920364436
0 0.31323873205625086 0.34036402152792183 0.07251677107096587 0.09826547963964213
0 0.17234337521999926 0.4081514379638246 0.0669991906633923 0.13610031672014591
0 0.10345463264200287 0.44427845253722253 0.06896975509466859 0.14056692943103877
0 0.015764515450209963 0.502213046816744 0.031134918014164677 0.09984193118466315
0 0.10926752045585233 0.9760286376848718 0.10193647275753637 0.04794272463025664
0 0.7516069378321089 0.7293330643447149 0.21015670068505785 0.28067439759266866
0 0.7992587478711627 0.6376367851975249 0.17350146219347806 0.22016416262244157
0 0.9118528788654866 0.5019542198604386 0.10368196030475446 0.14243178385299615
0 0.9355915095076527 0.47914651591012253 0.08622708483257352 0.10798749625455902
0 0.9523481899609463 0.3634788744478037 0.06667762430373102 0.08704164568794198
