0 0.25375939849624063 0.6259398496240601 0.14661654135338353 0.22556390977443605
0 0.35138627819548873 0.5314849624060151 0.14591165413533833 0.20958646616541343
0 0.6062030075187967 0.6785714285714284 0.18749999999999983 0.214285714285714
0 0.4447838345864662 0.47744360902255634 0.14238721804511278 0.17293233082706772
0 0.5050516917293233 0.41729323308270677 0.1318139097744359 0.14473684210526322
0 0.5572133458646614 0.3764097744360901 0.13604323308270644 0.11184210526315769
0 0.6083176691729322 0.342105263157895 0.11419172932330826 0.10526315789473734
0 0.6453242481203008 0.31531954887218044 0.10784774436090223 0.09868421052631582
0 0.6728148496240601 0.29276315789473684 0.07965225563909768 0.07988721804511276
0 0.6925516917293231 0.27960526315789475 0.09938909774436083 0.07988721804511278
0 0.7535244360902257 0.44924812030075195 0.1367481203007522 0.12781954887218058
0 0.6745770676691728 0.5718984962406014 0.15789473684210495 0.1719924812030075
0 0.7796052631578944 0.3731203007518797 0.09304511278195456 0.08834586466165413
0 0.8053336466165413 0.3491541353383459 0.08952067669172933 0.09492481203007518
0 0.988486842105263 0.4779135338345864 0.023026315789473843 0.05733082706766915
0 0.9853148496240601 0.3773496240601504 0.02937030075187977 0.05357142857142861
0 0.926221804511278 0.3289473684210526 0.03242481203007529 0.046992481203007516
0 0.8888627819548871 0.29934210526315785 0.029605263157894798 0.03853383458646615
0 0.8546757518796991 0.2786654135338346 0.035949248120300724 0.04417293233082706
0 0.1705827067669173 0.3623120300751879 0.0592105263157895 0.07612781954887199
0 0.15296052631578946 0.3054511278195488 0.0493421052631579 0.05639097744360891
0 0.009875 0.31849999999999995 0.01975 0.043666666666666604
0 0.03487499999999995 0.30649999999999894 0.0392500000000001 0.054333333333335204
0 0.0843749999999995 0.271499999999998 0.030749999999999594 0.04699999999999965
0 0.12337499999999968 0.24649999999999941 0.03725000000000062 0.050333333333332474
0 0.17599999999999988 0.2534999999999998 0.06299999999999974 0.05099999999999967
0 0.20037499999999953 0.2756666666666656 0.05175000000000091 0.04933333333333121
0 0.21987499999999954 0.3221666666666657 0.06575000000000068 0.09233333333333184
0 0.2794999999999996 0.29516666666666624 0.06650000000000048 0.07566666666666597
0 0.28662499999999963 0.23833333333333304 0.04925000000000069 0.04933333333333274
0 0.3272499999999992 0.27266666666666545 0.06500000000000139 0.06399999999999785
0 0.330624999999999 0.21966666666666593 0.044250000000001746 0.04533333333333208
0 0.3628749999999993 0.20249999999999957 0.0562500000000012 0.05566666666666592
0 0.37487499999999924 0.25383333333333236 0.06775000000000135 0.05899999999999827
0 0.4174999999999981 0.2364999999999994 0.06900000000000327 0.05366666666666544
0 0.4021249999999983 0.19033333333333288 0.05625000000000288 0.04733333333333247
0 0.4374999999999989 0.1789999999999994 0.05400000000000208 0.040666666666665435
0 0.45812499999999906 0.21449999999999958 0.07425000000000151 0.06299999999999925
0 0.495874999999999 0.2059999999999995 0.06275000000000185 0.04533333333333244
0 0.5271249999999994 0.19933333333333303 0.05075000000000083 0.04133333333333286
0 0.5529999999999978 0.19016666666666582 0.05450000000000381 0.03966666666666503
0 0.46287499999999937 0.17349999999999974 0.04325000000000072 0.03433333333333283
0 0.4932499999999984 0.16199999999999967 0.05800000000000263 0.04866666666666601
0 0.5778749999999991 0.14266666666666636 0.035250000000001454 0.026666666666666103
0 0.6208749999999993 0.1564999999999997 0.03775000000000122 0.028999999999999505
0 0.6563749999999995 0.1699999999999998 0.037750000000000644 0.03066666666666633
0 0.7263749999999954 0.27266666666666484 0.07025000000000818 0.05733333333332969
0 0.8357499999999982 0.2079999999999997 0.04199999999999695 0.027999999999999553
0 0.7447499999999977 0.16549999999999954 0.04049999999999595 0.025666666666665817
0 0.6613749999999999 0.13449999999999998 0.03524999999999991 0.023000000000000007
0 0.5913749999999999 0.11799999999999997 0.03325000000000003 0.019999999999999983
0 0.5094999999999998 0.10466666666666664 0.023999999999999987 0.013999999999999986
0 0.46837499999999993 0.09983333333333333 0.017250000000000015 0.014333333333333335
0 0.8502500000000001 0.1758333333333333 0.018500000000000086 0.021000000000000015
0 0.8184999999999999 0.1623333333333333 0.01750000000000014 0.015999999999999997
0 0.930625 0.2143333333333333 0.017750000000000057 0.018666666666666637
