0 0.13978325894663865 0.6207117715719935 0.17281769269150993 0.13963900377744715
0 0.1977738369616528 0.4910744595251626 0.1699325893076783 0.1373309210703818
0 0.2626186489436194 0.2957749979186566 0.1387277359618477 0.09017302837520103
0 0.294374294753636 0.2352261214936416 0.12550524862798407 0.07890139982830086
0 0.8043071054571462 0.7226890361345982 0.20679103141812916 0.14942133227557336
0 0.754235063258417 0.4391642257625724 0.1647391864546941 0.12051972061685517
0 0.7281152317218503 0.34393341534709554 0.15932013426868452 0.09768744740646768
0 0.7042714021034076 0.2708123378505384 0.12420467610334171 0.07398812584631877
0 0.6852504067880907 0.21044368935697919 0.11693101336002848 0.06926832546304375
0 0.6696976048718193 0.17352953472150134 0.10764818917963623 0.047988401026121216
