0 0.5122724088504554 0.5650601994175175 0.14770050128739307 0.2295808148353026
0 0.8965306648735372 0.39550739580061917 0.06950611825289024 0.12848100646746402
0 0.7701559044137352 0.3391653150956242 0.055288957701166 0.09162170133335619
0 0.5790140792182871 0.26386702032165965 0.07108580275863596 0.09478107034485142
0 0.5268844905286191 0.24964985976993198 0.07424517177013105 0.08530296331036617
0 0.4340780258159531 0.23385301471245706 0.08135375204599501 0.0684529952490593
0 0.11966110131037375 0.33653250758604514 0.07977406754024899 0.08846233232186114
0 0.01105779154023251 0.3303190802564982 0.02211558308046502 0.03812304952483022
0 0.13559594438148878 0.18004871708721573 0.022108034410025342 0.019651586142244746
0 0.1530752002660281 0.13764707998191342 0.00927499642467952 0.011114341707210785
0 0.16334813934399595 0.1313072090080819 0.013853792128002291 0.013775522115979709
0 0.23514130787173668 0.12880256862335826 0.02218954840841063 0.01909788293351721
0 0.28057704985086296 0.12308885774570763 0.027120559165835095 0.022072143390376588
0 0.2558045910457054 0.12316712775773048 0.024302838733020617 0.020350203125879048
0 0.8773320895522383 0.253731343283582 0.0699626865671645 0.07462686567164185
