0 0.3672462406015039 0.8698308270676688 0.1917293233082707 0.260338345864661
0 0.2477678571428571 0.7702067669172926 0.18679511278195488 0.28853383458646514
0 0.1568374060150374 0.6771616541353375 0.1811560150375936 0.27725563909774614
0 0.12088815789473678 0.5775375939849624 0.1487312030075187 0.21146616541353405
0 0.25305451127819545 0.406954887218045 0.14379699248120306 0.18233082706766915
0 0.7429511278195485 0.7213345864661647 0.13392857142857095 0.3129699248120285
0 0.8479793233082702 0.7969924812030071 0.11137218045112826 0.2781954887218053
0 0.3168468045112781 0.46475563909774387 0.16564849624060168 0.20394736842105174
0 0.41059680451127817 0.5155075187969927 0.1529605263157894 0.21898496240601553
0 0.8315620300751813 0.406561403508769 0.05821052631578428 0.11908771929824709
0 0.9413749999999992 0.4731666666666659 0.062250000000000985 0.138333333333332
0 0.9818749999999946 0.5049999999999969 0.03624999999998981 0.12866666666667267
0 0.6408749999999932 0.2928333333333283 0.06874999999999948 0.09699999999999735
0 0.7211249999999985 0.24883333333333282 0.05124999999999951 0.09433333333333309
0 0.6131249999999997 0.2143333333333331 0.05724999999999925 0.06799999999999962
0 0.6451249999999987 0.13699999999999954 0.030249999999997626 0.03933333333333243
0 0.5786249999999992 0.11599999999999967 0.03774999999999821 0.03799999999999941
0 0.5156249999999997 0.23766666666666636 0.07624999999999942 0.09133333333333321
0 0.5226249999999978 0.17599999999999924 0.055249999999995546 0.057333333333331876
0 0.4646249999999975 0.21383333333333232 0.08474999999999518 0.08499999999999802
0 0.37262499999999654 0.18733333333333235 0.09024999999999866 0.09133333333333372
0 0.40212499999999735 0.13599999999999923 0.047249999999998744 0.028666666666666084
0 0.4404999999999972 0.15166666666666564 0.05399999999999912 0.05600000000000011
0 0.514624999999999 0.09716666666666647 0.039749999999998266 0.038333333333332976
0 0.48624999999999907 0.09383333333333313 0.03699999999999808 0.03233333333333302
0 0.3462499999999982 0.07783333333333294 0.03850000000000293 0.027666666666666104
0 0.32674999999999876 0.07566666666666647 0.039499999999998946 0.03199999999999972
0 0.3391249999999974 0.13499999999999907 0.06175000000000505 0.04333333333333165
0 0.33099999999999924 0.18533333333333302 0.05900000000000128 0.05333333333333281
0 0.29937499999999795 0.1813333333333328 0.07424999999999594 0.058666666666667026
0 0.2788749999999989 0.13216666666666627 0.053750000000002005 0.039666666666665865
0 0.31024999999999914 0.12749999999999967 0.05300000000000169 0.042333333333332696
0 0.2713749999999983 0.17116666666666613 0.07674999999999657 0.06966666666666765
0 0.2356249999999989 0.1739999999999995 0.052749999999997764 0.045999999999999146
0 0.21424999999999858 0.1703333333333325 0.04549999999999711 0.04199999999999844
0 0.5007499999999991 0.020999999999999974 0.024999999999998433 0.016666666666666614
0 0.6104999999999987 0.04383333333333326 0.020499999999997832 0.020999999999999897
0 0.7573749999999962 0.08133333333333309 0.02374999999999359 0.01533333333333285
0 0.8604999999999974 0.15699999999999972 0.032999999999999904 0.033999999999999475
0 0.9217499999999944 0.18549999999999867 0.024999999999996924 0.02766666666666551
0 0.7574173285593898 0.06472078428760483 0.016369743971559932 0.012230268484498503
0 0.788675072436118 0.07685697378376107 0.009454938328401908 0.010536846694337208
0 0.8269181811972613 0.10649185511158439 0.0153819145939671 0.014111848251344478
0 0.9048155835446826 0.1665142496739694 0.019050995139316004 0.019756587551882476
0 0.9448932325785049 0.19097478664296655 0.02017994299942361 0.01223026848449897
0 0.9726230143923935 0.22183269481923973 0.012418426461186832 0.017122375878297378
0 0.8595871098991236 0.12032146639790188 0.018909876656800863 0.014300006228028996
0 0.8819543893775043 0.14318266056507986 0.012841781908723426 0.01223026848449853
0 0.9237960194427418 0.16623201270894267 0.020321061481939844 0.018063165761721345
